V1,V2,V3,V4,V5,V6,V7,V8,V9,V10,V11,V12,V13,V14,V15,V16,V17,V18,V19,V20,V21,V22,V23,V24,V25,V26,V27,V28,V29,V30,V31,V32,V33,V34,V35,V36,V37,V38,V39,V40,V41,V42,V43,V44,V45,V46,V47,V48,V49,V50,V51,V52,V53,V54,V55,V56,V57,V58,V59,V60,V61,V62,V63,V64,V65,V66,V67,V68,V69,V70,V71,V72,V73,V74,V75,V76,V77,V78,V79,V80,V81,V82,V83,V84,V85,V86,V87,V88,V89,V90,V91,V92,V93,V94,V95,V96,V97,V98,V99,V100,V101,V102,V103,V104,V105,V106,V107,V108,V109,V110,V111,V112,V113,V114,V115,V116,V117,V118,V119,V120,V121,V122,V123,V124,V125,V126,V127,V128,V129,V130,V131,V132,V133,V134,V135,V136,V137,V138,V139,V140,V141,V142,V143,V144,V145,V146,V147,V148,V149,V150,V151,V152,V153,V154,V155,V156,V157,V158,V159,V160,V161,V162,V163,V164,V165,V166,V167,V168,V169,V170,V171,V172,V173,V174,V175,V176,V177,V178,V179,V180,V181,V182,V183,V184,V185,V186,V187,V188,V189,V190,V191,V192,V193,V194,V195,V196,V197,V198,V199,V200,V201,V202,V203,V204,V205,V206,V207,V208,V209,V210,V211,V212,V213,V214,V215,V216,V217,V218,V219,V220,V221,V222,V223,V224,V225,V226,V227,V228,V229,V230,V231,V232,V233,V234,V235,V236,V237,V238,V239,V240,V241,V242,V243,V244,V245,V246,V247,V248,V249,V250,V251,V252,V253,V254,V255,V256,V257,V258,V259,V260,V261,V262,V263,V264,V265,V266,V267,V268,V269,V270,V271,V272,V273,V274,V275,V276,V277,V278,V279,V280,V281,V282,V283,V284,V285,V286,V287,V288,V289,V290,V291,V292,V293,V294,V295,V296,V297,V298,V299,V300,V301,V302,V303,V304,V305,V306,V307,V308,V309,V310,V311,V312,V313,V314,V315,V316,V317,V318,V319,V320,V321,V322,V323,V324,V325,V326,V327,V328,V329,V330,V331,V332,V333,V334,V335,V336,V337,V338,V339,V340,V341,V342,V343,V344,V345,V346,V347,V348,V349,V350,V351,V352,V353,V354,V355,V356,V357,V358,V359,V360,V361,V362,V363,V364,V365,V366,V367,V368,V369,V370,V371,V372,V373,V374,V375,V376,V377,V378,V379,V380,V381,V382,V383,V384,V385,V386,V387,V388,V389,V390,V391,V392,V393,V394,V395,V396,V397,V398,V399,V400,V401,V402,V403,V404,V405,V406,V407,V408,V409,V410,V411,V412,V413,V414,V415,V416,V417,V418,V419,V420,V421,V422,V423,V424,V425,V426,V427,V428,V429,V430,V431,V432,V433,V434,V435,V436,V437,V438,V439,V440,V441,V442,V443,V444,V445,V446,V447,V448,V449,V450,V451,V452,V453,V454,V455,V456,V457,V458,V459,V460,V461,V462,V463,V464,V465,V466,V467,V468,V469,V470,V471,V472,V473,V474,V475,V476,V477,V478,V479,V480,V481,V482,V483,V484,V485,V486,V487,V488,V489,V490,V491,V492,V493,V494,V495,V496,V497,V498,V499,V500,V501,V502,V503,V504,V505,V506,V507,V508,V509,V510,V511,V512,V513,V514,V515,V516,V517,V518,V519,V520,V521,V522,V523,V524,V525,V526,V527,V528,V529,V530,V531,V532,V533,V534,V535,V536,V537,V538,V539,V540,V541,V542,V543,V544,V545,V546,V547,V548,V549,V550,V551,V552,V553,V554,V555,V556,V557,V558,V559,V560,V561,V562,V563,V564,V565,V566,V567,V568,V569,V570,V571,V572,V573,V574,V575,V576,V577,V578,V579,V580,V581,V582,V583,V584,V585,V586,V587,V588,V589,V590,V591,V592,V593,V594,V595,V596,V597,V598,V599,V600,V601,V602,V603,V604,V605,V606,V607,V608,V609,V610,V611,V612,V613,V614,V615,V616,V617,V618,V619,V620,V621,V622,V623,V624,V625,V626,V627,V628,V629,V630,V631,V632,V633,V634,V635,V636,V637,V638,V639,V640,V641,V642,V643,V644,V645,V646,V647,V648,V649,V650,V651,V652,V653,V654,V655,V656,V657,V658,V659,V660,V661,V662,V663,V664,V665,V666,V667,V668,V669,V670,V671,V672,V673,V674,V675,V676,V677,V678,V679,V680,V681,V682,V683,V684,V685,V686,V687,V688,V689,V690,V691,V692,V693,V694,V695,V696,V697,V698,V699,V700,V701,V702,V703,V704,V705,V706,V707,V708,V709,V710,V711,V712,V713,V714,V715,V716,V717,V718,V719,V720,V721,V722,V723,V724,V725,V726,V727,V728,V729,V730,V731,V732,V733,V734,V735,V736,V737,V738,V739,V740,V741,V742,V743,V744,V745,V746,V747,V748,V749,V750,V751,V752,V753,V754,V755,V756,V757,V758,V759,V760,V761,V762,V763,V764,V765,V766,V767,V768,V769,V770,V771,V772,V773,V774,V775,V776,V777,V778,V779,V780,V781,V782,V783,V784,V785,V786,V787,V788,V789,V790,V791,V792,V793,V794,V795,V796,V797,V798,V799,V800,V801,V802,V803,V804,V805,V806,V807,V808,V809,V810,V811,V812,V813,V814,V815,V816,V817,V818,V819,V820,V821,V822,V823,V824,V825,V826,V827,V828,V829,V830,V831,V832,V833,V834,V835,V836,V837,V838,V839,V840,V841,V842,V843,V844,V845,V846,V847,V848,V849,V850,V851,V852,V853,V854,V855,V856,V857,V858,V859,V860,V861,V862,V863,V864,V865,V866,V867,V868,V869,V870,V871,V872,V873,V874,V875,V876,V877,V878,V879,V880,V881,V882,V883,V884,V885,V886,V887,V888,V889,V890,V891,V892,V893,V894,V895,V896,V897,V898,V899,V900,V901,V902,V903,V904,V905,V906,V907,V908,V909,V910,V911,V912,V913,V914,V915,V916,V917,V918,V919,V920,V921,V922,V923,V924,V925,V926,V927,V928,V929,V930,V931,V932,V933,V934,V935,V936,V937,V938,V939,V940,V941,V942,V943,V944,V945,V946,V947,V948,V949,V950,V951,V952,V953,V954,V955,V956,V957,V958,V959,V960,V961,V962,V963,V964,V965,V966,V967,V968,V969,V970,V971,V972,V973,V974,V975,V976,V977,V978,V979,V980,V981,V982,V983,V984,V985,V986,V987,V988,V989,V990,V991,V992,V993,V994,V995,V996,V997,V998,V999,V1000,V1001
857884,854901.6871635119,1105824.6886508854,725346.3644173509,391750.8712668866,173596.40437657834,115433.74733629524,386265.0201918896,413557.7401341785,321527.2111112437,222791.3492488969,196921.16922671892,753408.2016815612,577622.6312036457,323282.12300216616,702852.4727712927,1368033.9175715598,157247.88067269317,720866.5083121278,416463.52873807447,822388.3119848941,218858.41565918413,742697.610753676,1134854.0255572111,69798.79977845326,324212.6168171253,625517.7153515591,268637.9782207567,310122.2145944298,470366.7422969025,88935.99916228329,563478.8812475307,325198.1312595726,132508.27050699355,1062067.483069273,604012.0490131377,572786.5589421798,295827.99966920645,214139.06594398044,310160.97769321525,447740.0735242104,902193.3657322109,295347.90321763186,511384.71732911817,131782.09398884952,821225.7568026526,1123150.198736741,134520.98289999057,464394.82771529956,357920.69580946496,317671.3185646714,907543.2879111052,268933.0965371859,220506.87924078666,91943.61338653023,484447.3493589159,145849.492761441,496288.093362009,1071238.6723737959,272526.75835876015,179725.40224304554,123352.64661718317,92990.34719160004,372063.46547663887,725266.7382758692,391515.2080386807,399458.44109579583,174750.70658229807,703064.0131916446,334987.14598822605,224150.33285816063,1404552.6588609002,366538.45204934856,251219.29900314598,160978.77120581904,542623.175719101,583490.5812476687,1388376.9987831842,407661.58117638115,698348.3372244353,929949.8469140196,297044.78865279857,281635.6915422045,369603.67590711644,822907.1564105682,710558.3616727508,1737714.8997862095,686213.5376476967,160634.09675800125,335320.44493265555,101885.20156678194,333670.05020449625,798401.2011784101,493556.36371146614,1202267.5913859203,179517.0433440281,366284.73361994186,100091.61633301496,664844.7070411441,271090.49078071926,88327.44113323407,183883.8077038418,400532.38691047643,80625.72370169891,954938.059879754,583815.7079670081,556500.0207319239,327638.6636598447,221381.4047085513,399510.3627882399,202080.8468591214,971150.2411112988,564486.3145550935,109314.65147084754,4214934.987001378,366600.65517889714,253549.4457474422,403940.3877262625,614985.386414024,424438.16717036057,509402.1721127312,96235.04696404186,243743.15502384375,304758.5884778521,530649.0400416354,1149734.1873220836,500775.21396083676,476055.3373936564,281433.00274848024,997970.6013254734,86411.61688379713,574709.6219223065,203352.05646665258,424041.8807067588,399738.5703996374,618203.0932463668,921689.9998801636,231113.00238107174,645974.9701834298,574662.457090681,770524.59528743,217678.77626371494,764637.6190944609,426000.85883190605,403612.3752479933,573468.5284726078,492144.441490731,333191.976490866,612154.6910533793,224326.46883495667,1515409.511195347,1217469.0878523858,473537.9264917946,2233476.1561140255,193281.0496618097,127568.25703795267,641768.4460352696,1360254.4009131868,179057.98536313957,452628.77809109946,679307.0366524344,239670.31924545023,176703.52419837122,217497.8169301182,350133.06193502655,258956.34194955954,623781.0071330237,532297.281519836,443936.3079325918,312111.38273741875,240097.27116978436,441709.41275067365,423802.46300291276,356473.7358079521,643694.5686851019,2555218.8582655047,153508.1142632964,323120.8576714846,171079.7574943553,379203.483172271,712594.6852097744,1002145.2573571209,658236.0219415718,548872.1905878474,533338.7692157802,1040071.5505365307,141793.21194173238,235217.75658814263,1152388.319708856,295671.3585359718,513832.98520028003,677332.4492801034,447228.4611741977,700391.031927785,337883.6721009675,250159.38848100434,220471.3923215912,1194996.05338544,536653.8043995145,2087833.8317143547,612371.4134129878,731427.1969086517,89053.13765918968,166623.44332794304,275984.64716499124,313215.3578177809,1046301.3138128222,181827.20568039952,516643.428369393,364087.36099329905,83100.79595618772,674502.0216410239,1011070.6953821355,838106.4708060028,319296.06165622186,263315.9157681539,299568.189335458,513561.8841631439,456464.3846458954,76246.36741552674,251150.54310320347,357197.6609378434,890001.310497423,763064.4324791011,3434016.9195968267,334433.5022410653,674864.844369732,216071.1894263528,134756.50855768303,228369.1760619272,244058.82512107407,918321.9585259227,134236.23971853618,316338.17883487395,580536.9634395499,272176.4497179651,459670.0030121936,396498.0219511715,478422.18891175126,6066490.58604595,322628.4415977777,249122.04040603407,387988.030643634,867905.4241024859,266830.30597184267,223266.56315599816,140632.84637854822,272700.9553208332,345337.3876379175,447603.75919575506,216841.23645524832,1579804.399449256,1276593.5707541788,431696.2972643947,506100.98176629934,525781.9143599855,584589.605438096,739489.0225682411,362562.87306051387,1409176.4292795407,319937.83401745337,341491.11142443493,357635.70269650547,384417.54992012033,228574.59819427776,927886.2158449461,445547.9992257852,302224.52086652856,256841.53024727543,1641003.0811775753,318280.2757440194,354333.4821078347,1589830.7815988928,1943628.7028234683,229423.5972068395,358411.82563406194,640227.2402977409,172439.6777737189,424269.2588807577,1180890.9004604062,497347.2740523148,650131.1509123313,720623.9058104426,684217.3963771006,287850.1559847559,734389.682610356,500024.21474351286,472999.1342794698,434139.1013679835,226788.35433833048,444725.4403313981,354042.3910143232,544144.9282828259,900060.9728180653,547765.446041128,153174.97195049058,842807.6904275969,144208.85868843758,1039890.3652310225,552457.3487726607,548757.188947619,992527.4741692919,136400.26991659444,241806.34195145356,657631.6067706855,207448.1319686947,273271.02478802355,144546.15096051383,190508.66995760772,495247.5135838642,888272.2923040412,573524.3413315199,403226.3115682736,947145.5201359324,181463.61659595495,600731.7901311595,594076.0565229896,414712.63548688934,549666.8528772062,533190.773793016,410093.63158150425,543504.6697689042,233698.82620324852,348711.4204323604,336568.7152489702,400002.08181565825,284599.0264171581,342215.46896545764,412625.7206135272,154221.62249310137,200427.9545783052,230482.88215301893,961915.2659712058,839972.3103918787,896459.5122197649,124934.53643676583,284318.8345121657,1858149.7613416004,282486.5575578787,314792.76206610963,231744.35740911876,604537.385860307,176944.64876203088,1035194.961558704,1239969.4068275585,333581.5495375039,526119.3496539493,399086.081189615,875348.1793394402,432456.35893325385,287102.05465915776,1289221.1944127355,1847368.715521968,255584.74113343755,193055.4073056381,1006032.7304723682,222647.0728806286,799291.7065436098,1694261.5184750564,194462.75638254278,136094.299808383,499433.3390828626,1125133.6732607456,227856.82852844437,282560.2566812998,612151.6512772669,995466.1330102638,248309.83222230192,548971.9881132796,194662.8361998532,1281136.557358658,473946.5195546901,409789.16085455165,778453.6603250362,636520.255815448,296750.47018460784,281913.1262099983,1295686.671636483,559497.223765003,371823.2642408815,937504.846257225,728096.6868476203,108683.73508120739,935065.4919635531,734240.4616863045,317972.50744963955,350299.9822863277,233042.30570693317,1015296.3533972102,229113.11287637564,397469.1716919665,140085.56991705476,302521.54846933467,425975.9161430909,1612231.918861196,285604.626626149,557758.8678435152,99927.19394534505,626397.1193050301,335760.5958367252,76083.0691895588,917201.106659009,477787.62435251323,496343.56866039615,532186.3272054074,141596.38934142512,2292482.518800047,349496.5186702412,950796.0044720315,219266.4844063245,205983.85331593675,967077.9620532265,338682.463348668,101057.57085869995,212825.6969973695,2208826.9161383477,408324.1994742205,322999.2472024958,237347.67823723707,640031.7696983528,609172.1189799886,230203.51702872576,359979.04160718055,182443.99724370718,1149302.1298522376,869017.8183821153,262856.49172257434,95409.60164442625,1066550.9325200235,489014.3403382715,609327.5234191701,707910.6805831613,673420.6499977997,584737.9341484318,255755.76698364704,697171.9410761982,696502.9664057543,886478.1820923836,156338.49955973178,131256.89346369903,925709.6942990099,256933.65444357172,736831.510235382,188765.19443990878,280625.7622423015,900292.2495412299,798425.7447710538,224458.33747359994,533817.9530436283,709292.7905092285,1051434.0396256926,159346.21314918424,179617.4610900297,316734.0709155542,328772.95062619285,170459.0584617697,823547.9809978643,274401.20072634576,413630.099444658,431857.93395035376,93413.86061252744,375999.5763598452,640018.5843623251,1126615.1623578025,393641.5577256843,565216.5834671467,669933.5580211467,525735.5456413572,1055021.1428353626,322983.7993084655,190356.95752284696,1418693.7933597618,95246.13164592849,609062.5367126849,206430.26222414125,1246760.6309863504,676259.9387719185,142626.99754799114,332460.71962246764,753108.8610103311,882958.6941830436,375353.7646128621,212065.6411092841,406857.41189468344,1552939.3818343969,505569.39261968766,176508.8676718286,251141.4550349635,195884.19499507803,303252.5599236597,656263.5876553032,339925.78597551055,882749.8528240552,258384.21037435296,315066.8181562412,195118.05453858347,770661.2061936655,379539.25703717326,360263.02632296976,233748.38907094384,380963.7907315487,343699.3756553609,365890.4544798874,223572.50444342886,563520.7470571245,277958.8791741332,139025.84438724446,312065.810973254,530629.8655626365,236134.65352139715,645534.6348338638,491530.4775664259,236156.05777131775,182570.09691613138,497780.6381856691,1818159.9266092707,240556.7242747932,1921374.4681218634,1469370.3848312646,215689.06295945405,830876.2813586462,603964.0683730132,1253023.5425687546,393222.3069458397,247797.02705196332,341098.0435810662,420396.58193571685,347657.02889723267,315505.31525354914,643806.3074747239,342099.41357440245,1131408.8298973632,1760074.81604748,546007.6142730959,87560.37508201206,510991.5659335005,392362.9942065104,641767.2803661941,910674.6601118445,260385.32928385024,273312.7162722067,1459884.8208356558,208846.37816593083,738475.2512253157,1094043.9320600159,687059.6877754881,1454128.5740151033,557337.6869862401,458784.4247040996,240438.7843262125,542589.3107805263,874075.3929860771,151403.32167868727,563665.7824355433,399395.8640931286,225880.64959967768,529324.5893942137,376682.67678473983,827572.1572003555,580210.7623690201,307048.8906190407,393657.061693581,616241.2771785161,283347.55789408437,833745.8772873527,825861.1400432852,246960.2826106062,426845.1599651195,343885.1962995628,92357.02319238898,419156.339175797,406010.1693350603,837643.0660640403,175554.59115670243,198685.28385368403,159148.23915523017,519285.51501729095,173653.38953370444,999439.8062861215,399545.98753255274,374172.71095979284,618028.0061135938,1206344.8877921465,85422.8317582903,486136.2878226226,321313.1918633331,868863.3682545032,733965.7108627205,300456.4601972233,488211.65397869976,420851.8237215265,1290985.8935432867,334640.8274970851,203140.01856828664,832418.6377291979,201941.03707453547,643143.9375260004,339841.9507674128,389020.1974430929,1437321.1263925475,429927.5366489402,1470383.101178857,701383.4035706375,287029.36162254115,673535.4815056347,386083.1439047378,319748.8729336919,1076166.706237257,50527.43192373416,423810.2635645669,322474.48254272627,698070.6906439936,163477.35059635402,1236397.972589598,77263.06849426184,183429.06562078005,262680.4205507088,691129.1683027801,1000379.6173681439,613265.5287794499,380529.380865099,233984.81656488258,349569.3987520916,441207.23378709354,384129.48474481003,1238907.4792164727,899808.6246127189,371078.47735620925,566333.1077044273,368573.9637512141,555914.2804244498,342812.1199438612,531162.3633599636,287448.16503020475,275329.6935260382,983259.9263631629,156782.4343892596,232035.34018981075,818848.3378080295,328428.3271181095,703623.0468258171,133696.07481899505,1878789.6638477698,145808.29015532692,155816.16541938204,340626.141801157,1836107.2205894196,1293765.340090132,399981.5506894275,1102021.460820165,191830.62376820884,150455.0909772956,1054258.265805514,105154.17987631712,423144.42610727757,314054.9799529558,791081.9151515461,831909.3213782272,474374.27953434305,1065534.3824470555,2093109.796535974,139041.91054973548,300519.46982389997,577125.5830573445,1172941.3122764612,438945.5201402956,332013.7727822786,207186.4795128097,1484330.5286117345,316187.8479672471,372717.39182106557,239133.35014500972,330598.4166310711,240098.44451745227,615808.4004756004,676700.851006904,1273563.983337783,254105.5780498534,1286033.6142501698,618957.4006595624,530113.621326193,210816.52271262542,741983.2156545263,285137.087604998,535340.6062801555,1159901.4042899704,374272.54642218864,725198.8813404688,372110.9303187196,172230.2223412805,377871.1273155246,352609.30384655955,122526.38141429033,344163.2221621329,461690.965890516,125693.67993136017,603271.4738508307,300480.65269852703,219552.9001973337,324554.8813651981,257805.43187751985,212155.65144447345,507525.13062769186,475681.55813832115,291899.6484722639,858900.2455096004,337330.2350612831,504175.4184459671,1799961.758771169,553389.0738718283,701515.508136793,924148.2024517688,781121.4446656907,220540.9787256662,161551.2895776221,677312.0726344808,736537.1183204053,311007.76608459954,102439.69675770553,221066.73592458558,328749.2785896495,85977.82072887338,770106.676369297,320809.0819822645,709021.9092068672,432591.92795195093,236397.84812455636,697340.7292806125,1033442.3153753771,1490869.8992971727,159086.3703793986,478086.7063730339,168001.38452906447,737071.9891999481,227335.804040821,477826.13611146755,339006.03876623936,484176.6430658695,724270.2111280019,773932.3291115274,303312.65999725607,827286.3822433313,279385.69639817567,687247.1436951229,512360.13072166377,1035460.7200951396,914471.8997914993,457911.89784034755,388326.6692745671,673479.5707712254,422863.5392815915,632267.432413237,1297266.54760084,276963.64836807275,2553099.286957613,655437.4553159873,270094.1401409227,2937052.2122988827,551204.6831943357,712099.2854709505,616043.6835107275,181602.97932816643,269917.8091712477,448063.35539117415,258188.98667240798,2306590.2503259904,523557.1292890881,596592.1191309902,309952.3563663794,528363.8530520112,1256303.3269892386,272541.65858277015,806731.7436782626,131447.65009118727,280445.44852124044,237881.34607438307,692204.8887102248,257270.90984104277,388827.09579450916,1803522.8393211619,132504.33504690896,260197.68523046136,989791.8612606479,109967.37406381061,474328.2982210089,433495.311277685,262177.2849036622,256054.16121189058,668544.0144067324,858510.6940227209,1031745.9741065686,370995.24316507904,428148.28514443827,342949.41420021316,208052.34800267674,177321.41971777307,2234016.455173199,439733.0638994994,893904.0846634436,477405.3451304566,205703.2114222814,66655.42495270322,218876.2611734428,431134.74679024395,386259.8485451731,573571.9246310057,514439.88519702334,480010.6194410368,2048343.529526785,428583.5003703387,737098.4696006213,160811.3263982941,194543.38086166742,468903.6468194602,713375.522774312,622305.731480704,126514.56359563014,433120.0272114108,1146545.474564289,505688.1840160164,372107.0925699849,544713.075326942,526083.6139630261,1430159.2751678068,1154250.1069898077,1635397.142838749,346089.07598776,962112.3153651727,112548.63605014664,576993.4291637301,585211.8509719494,519293.67168285395,107737.52456716102,577400.6054143603,1625324.644999172,314567.04678282706,362029.5809468311,1501305.79111676,299328.3285081579,221824.32427689593,345401.71293179947,909764.6568909247,1480101.846955837,228302.38145265947,555157.145985498,671004.3979499161,782033.5829739091,131016.63208384052,484090.87998417125,504751.95508405037,409827.9825268797,508208.68955264875,409198.30382735864,1020547.1721784334,957389.8359967833,755653.0789462178,233141.4905077906,808922.7831331457,387125.866834513,844873.3396405627,116276.87690663015,577799.3337218321,501405.9809608134,385480.51179519936,495042.036079138,329277.02652858326,357646.9845676864,669186.1064646462,280734.5239101974,369177.3873978017,265353.4009785204,487389.2797392052,281402.76618208917,439586.16806241224,166355.28213576274,771507.0793899283,611980.0630031743,211671.60582382165,134905.87185206622,304479.0174738179,635379.7111065147,435065.4399015673,194268.429479989,175072.66710859,1584905.6076556253,820741.6550563875,443236.87631328806,310668.78026001947,518302.691575329,63182.68533979122,265698.85583836044,625956.7714333968,1665514.756445472,83628.81411904529,1071371.8464812727,1207441.3669932277,726313.3321399526,713584.078957636,434940.8587265744,480204.6444567053,743113.5384486583,1025731.0485449355,278975.19295163045,164019.54531658994,568091.2387436387,248062.62837813096,954446.4359671157,264907.9078249353,344513.1496629955,2055414.11296703,166616.0197808432,766418.4810292497,139550.7017104638,380883.4008274073,1161207.38512577,356245.334899555,436411.4332477113,1373169.0398461975,1157895.8646597555,365337.4162130752,288808.4849975725,170305.1279861905,299106.91014447674,167191.34945048386,649042.910111425,932078.225053286,385664.30541942344,297375.1522054142,337837.7153131688,157239.158392922,250564.49230892793,286033.5135008165,696614.1329997734,312781.4310770238,265757.16836846585,200469.2217782015,677772.0122119031,727100.734765961,463958.50353576726,138335.8339803857,459000.98353698297,297125.37905989727,917534.0204891745,377781.58228821924,410194.4261370458,505432.54684869654,316278.3446171362,220831.24110441448,377307.91945524,472705.06038086215,1564603.1435861979,184634.4114255937,132562.62780335653,210502.6140032789,2134868.6535638594,279261.181164081,975540.9825316482,608160.0803941095,225541.00531489475,919953.6953788466,119265.18764735135,721581.0005348739,196370.91626726207,347374.00649086497,468346.95071053616,514735.9544997645,450735.2392308879,291992.3242098226,832436.9092294422,189725.27842903652,419209.9506507931,269242.8867213853,430473.02704193955,220120.5903178532,1169060.5174382527,257205.70262311207,321684.5943208299,138015.276084152,257242.8781627156,321606.62027237535,418150.3820330124,1048034.6274265415,298879.1407003639,277420.08322953683,238538.9862295141,960505.3568369701,890493.2732149737,2173308.747803116,413757.69491638104,194484.11325243837,284334.4589559992,1259861.2637466781,195106.45743473375,599330.6276829081,863445.1890500962,394829.7549080408,213297.8905359257,597336.9120930968,641003.5144025,792527.5865143819,150008.28357639041
361730,437559.1859239964,83120.0908006886,457591.8428824686,456021.0727276116,425253.95827086235,426201.89201742155,668948.7540726021,519084.0594735865,517289.13779991196,512623.70671417046,379898.5215961309,487719.78741985984,621231.6945633715,416805.42681173893,1198680.4747348183,525105.8494309284,367541.9814420259,390724.16141328623,644118.3557359481,800898.1476226595,457518.26715412736,155461.77888590028,630612.1215457405,297163.4821707987,542787.2356218706,273116.1193901097,144393.33947871355,233028.73775188084,323148.2823435422,848066.434632764,810544.6350664069,513351.12928357284,590793.9576537623,780876.4593587107,507843.8650912612,213609.2721314457,97547.78682811961,178780.79708879106,294064.4583537185,161961.9206825684,493624.6941849745,507835.50607568386,358293.49054435256,1003590.7842435548,363010.78766121384,268231.18040575983,499305.85252835025,339478.5840043589,689035.6140024229,510684.8539810384,307888.7965111104,779800.0317311537,219966.06050084776,926199.4812208995,351721.2414085271,583797.0164802014,325980.2994322072,946517.32017198,243061.71870926078,213992.9585461084,526610.6555389747,466586.10580276465,673404.1622347701,358992.5382426993,529688.2630834897,576405.5762606179,307440.3119236733,445868.7902780172,874544.2269253179,331263.63758102973,352761.48420801584,736522.6974084286,526780.1922440853,261058.41983259073,244372.1733057915,1008904.8096471786,600473.5403533455,654217.6610854012,104147.8890309311,383542.17555163836,438581.4560584837,561077.333178658,884320.4865187792,366580.85348077345,217014.15918203993,280019.8528185455,153686.1178735481,519810.3610334638,187440.14144124358,233998.4953582589,2193442.616988666,134627.2033278959,1806831.516656912,612629.5767787942,1060871.2204087076,232241.24724944364,507501.9577009792,500710.4340099075,269853.3824223939,1133941.8404778093,694099.9114803023,271744.95190570893,669064.935138961,700106.4610937958,925065.0210821523,127112.24281629399,185330.36650626658,80157.73843824012,415987.60863221646,141062.006537704,679126.8983750473,397013.1809078563,364196.2854248366,469726.78965141426,1653050.1548325364,479263.4217619517,299958.25227411493,448321.58771179436,688998.2778198103,563807.5320863483,581103.5638035449,754093.6895332183,607769.3098250922,2088845.6626247035,1672414.9964998197,280569.47412952123,278019.7090631605,343213.279676736,1783212.7924017452,165407.45328749172,369905.4153681749,298600.54431691574,148486.91193627508,343459.7581344797,980464.8238235184,126677.97371254169,1471966.8138563256,265492.6574101704,481557.6103004054,496755.2956096998,1020054.6147121872,452402.50975518255,410613.0241150571,269990.2144807937,325280.1900431638,306406.9782919864,1066719.857826951,186358.77290015385,182744.83313663618,413770.83192070585,678427.8043535982,277297.00834033906,420019.8280791686,233044.2431126446,541643.4815039166,729644.6719097275,207857.53864759702,252934.50710067566,714734.2965241696,1264646.4275543403,290012.2323519495,379480.9010206858,1121114.0576034563,807496.474766271,1786760.1866021135,223995.94932595178,752028.4982459445,410602.31444327015,123193.25207650408,277574.7730012508,393768.4329446494,1735248.7878206132,549674.5049471958,643177.8725309591,404268.010085825,1516650.3257973592,1329688.7480707287,300729.2048678192,176547.12877247986,312549.69656240643,686290.199259878,612415.6917562175,407370.63095019246,335491.43447259295,153321.82372361416,275818.6695585377,492356.22876974975,995676.7787795493,315283.1644828334,124928.24105140925,205962.5331942163,610193.4588232024,473922.92390010244,264828.7194390615,608894.3892524556,127162.51002350237,935122.8829824434,630405.2467369705,157912.42569579644,654341.5056557744,396359.3150014576,376936.350230138,232054.5975415072,325253.55959673703,699424.8291436885,2456275.0285100345,102366.02057204377,747850.0659084686,558739.1847018608,424353.4939734409,462143.2200070604,204292.77442261128,236333.19016104148,285651.3632232467,1215565.2342757648,204603.7385732945,302511.88708683284,457803.13203889295,1141441.2939995918,157139.60167473214,702598.8466570177,1167056.2514191149,131179.0934538348,2658446.3086091094,650237.6079123088,539845.8922629718,755599.3208208514,118003.91303628871,102462.12003122333,361025.9513873886,396747.7663013656,612576.3827470769,428036.4126498164,1327726.582973186,895877.6279298584,833814.4949038072,950856.3201932033,623669.9844108742,558252.1108764706,2322837.801115402,947410.5054274909,690084.6394958573,327091.3367074512,894091.4306899026,115533.16705603058,636840.5480421901,158508.97343982031,1143995.5528022735,875684.1079057105,364213.2862986846,436409.7355178989,224999.99762085202,493209.16913426743,364513.705330153,568191.3104178994,836146.1011258326,185563.61859415736,489286.5445028,441179.0557198539,2195907.345779149,956352.368306619,229298.81326835122,370224.6123710873,1397057.7998265512,82530.60404489453,162937.4680402349,311193.49096303637,218014.03399764316,285914.02427467046,515940.52927064575,1440113.8825831653,243793.3619187947,488229.0132208646,312677.97995693894,154086.199164867,471708.9175370801,410545.9805380184,343099.73197189317,422670.6428508497,907450.3112787827,324157.3340242224,427130.63919308083,140134.0017496497,885873.4002426162,110758.47975331696,475368.03361128445,436244.7162723294,400625.0485475054,91601.81036916454,1144221.5558241962,459532.0260624257,126611.10103277817,553266.4442745505,1023767.6495456262,2078136.25212619,405875.78848768293,290833.1738244642,899034.2189063227,202720.8413082086,357767.23010957235,243655.27654826784,220119.62097577908,211879.06490349208,785180.6405385415,824337.8070402336,259577.81049054392,2752816.1333764195,511162.6940306936,339390.53183935524,221763.45714894342,533868.4057652605,485547.4427323197,1764528.4456229222,364596.7929580186,488630.9895000518,726709.4177760729,1321741.641373847,369805.66023676627,551711.06212416,1821437.637162829,220266.21859893552,266146.57648308616,567567.2413442318,348777.87342085165,763242.5015200442,598272.7322383262,1164887.380314141,346543.9181734992,416806.3534398882,647518.3010891044,1203177.5758101244,220748.88567853766,143931.90351560642,128235.02844799489,198461.73714909807,316840.27569149673,358663.3390629204,301753.84260128764,255324.77043611754,676295.8253910944,323019.20495711046,681642.3488755034,172271.39740873838,449720.79691499553,136386.48913099233,319358.9121530613,229263.7338841555,163164.14562592047,271204.8947720384,206033.28162541907,607423.0419276301,993571.752733766,894512.5689753824,628733.4200677881,2651305.6958545577,921463.1303761319,1007514.8264180397,101995.46978689556,825518.4482963153,419589.47091549553,164121.14926577546,406365.7194745237,778454.8209738617,338862.15865198267,588795.5490389725,1328544.0384783603,657644.9656606911,1267498.041275235,226609.5478116304,312776.18016402866,132595.92316219068,1264815.7154608471,545593.0321984417,312381.4119637549,541397.3028275635,590302.907924784,638007.315813704,324386.77737843595,161445.06941575793,396039.3600721407,578857.1714394181,107911.90563404061,305107.90876658866,1308283.085377494,189816.20739703838,212618.6018625552,479730.82547219226,316696.58445173735,419615.8832420411,482193.64956146874,487641.55044720916,737624.6408021377,269239.7070496976,1056527.5995414315,318604.70864296297,91676.09421893359,491638.3221581617,976337.87405699,1092665.0356963112,426761.5291800833,1017978.3814963069,1200955.792264153,1172526.7515003113,703319.6345693823,522400.40126972157,340622.9472087024,226094.59834303107,407667.36087081727,398744.44278425054,415260.5000748407,440221.50162195624,362251.3641096224,202620.50557851623,209948.09143490597,515205.700464094,470514.59905186377,454550.3013724017,266875.24104381737,727674.6158996648,1157136.195521353,124781.03236516168,131875.01929236625,510153.92254745436,650462.4010828057,76741.6040168875,311118.59168902715,73053.30493634504,796749.010357196,209770.1588273175,778895.5075626982,406507.8035279463,412744.34888663696,767932.1966952237,1504422.2522965919,294063.66359959147,227449.00534225666,304795.88787507406,253817.07631625314,195987.7272469396,669154.8928378884,578612.7285134031,1323208.4492571917,75922.79065890083,310150.3477135351,975911.657255213,663411.6745924138,424720.2508815408,303264.3360704517,428358.89824565046,456650.6298166532,850028.967991771,434208.41507879953,305505.2362608849,638053.7762977534,537135.4183765982,563842.7183749746,620068.329160828,230363.00236093876,356449.82779345696,266067.90065349697,971067.1271107872,174762.25417603098,291613.9504322068,235968.17735403936,1884481.505387205,581524.7074284181,878379.7611051282,347607.578482059,738595.932696634,234632.6953558144,142320.26984960932,398681.29942087474,359990.3752452092,1264693.5720873906,307781.6276635961,263948.40849962796,119750.23076612929,431806.2631906296,2075956.6443637302,427310.5439746008,455462.3278376641,161389.41914802088,148006.4712735702,586544.4099274051,339834.06023633765,364000.6138554216,991445.4954049457,270477.7341960366,730146.16538784,202675.29842960625,294082.9463077605,376961.30823446007,258612.03092934593,344175.1981365721,240379.8992541355,626291.986972492,491782.35407085996,311188.3565723516,178957.66195036547,338466.46048139676,954137.6082125471,350886.7518969776,515347.72354508657,255963.07876290733,275893.76433256816,372418.58888610295,340345.0839370323,595751.3036540571,200330.26088569107,501960.5562065685,834361.1710372001,986980.3761861627,512143.9543227769,481270.24651521846,442577.38180006645,675536.9255329957,1156468.4983177537,311427.4844878616,205904.43689020735,143620.13414392728,377756.7851415192,378379.78823027347,975845.879259486,175181.89386564336,371595.4158485781,162847.5149775233,165545.6144468319,129197.25691022597,610998.1344485735,251771.59973120876,1025162.391282574,627965.3337163716,461120.7040281151,589633.4851851106,178357.87794040656,299568.4613101145,238813.57207578208,774924.89464477,231178.18275136317,483069.9166690961,305968.75756473123,1049706.8927228115,398159.99732667464,1092904.2112767457,1118205.0885678667,241754.07518322518,459572.49101470556,1517126.5913151612,501604.4894365463,800494.5292230418,430919.3346611586,365717.7266517518,198571.81482988727,1187969.2231391203,648033.6593247467,418348.9299068072,354578.6850117876,253823.04994244626,468004.29497258755,289969.5921966935,359987.5130154263,240291.80155495772,393268.7535175392,411165.926831353,154456.60372236383,354826.04805709375,144726.69342323043,334273.2919936866,52313.11680725244,1325328.6202064531,107664.46272779237,281487.2409315693,391919.0570675859,424912.956986218,241665.0971480449,2033653.2124326087,490581.5219154369,587767.2585779729,529336.2504037698,623178.1119989563,333389.1720457752,708246.393996198,360883.1230002616,551157.9193750503,1251827.3589885687,969597.8714974975,233868.63639090335,307129.1842363021,258641.3648004275,298310.320304071,603239.5399128203,329481.7772038272,381744.4342032135,596241.6856543585,1254103.6739396094,157101.94429795837,368451.35310591885,424389.17893061,239489.04138511416,487762.4184435235,2653384.902357049,512702.0816501615,955387.1816298483,604767.4855668867,421053.8280598142,253576.2559285224,276692.9589893051,1083027.1292925554,151313.83100164,234397.1319754604,691580.6258632243,302014.98390064493,239453.20408175647,974174.4153444337,94915.3373048197,1628829.5896864482,1081390.4898680628,350885.036246378,551350.295189233,634150.1701396641,919148.6882888649,385178.86458908,2040172.9095361643,365590.81757320237,550259.3037954009,258753.0343790409,1083747.4576115292,203898.30315320613,538069.3023406388,408518.1854230634,206214.87957433637,127910.51269784152,986022.4203404052,596372.1485790963,766918.4895388319,574534.1644744411,408649.51815701433,495860.17264886154,1157923.756237597,653605.519588375,115368.85053247347,371507.98220093036,511540.18888188025,117055.83253489778,248261.43143182353,334442.6346070713,323526.5609357293,1614542.825406066,712565.6117025167,709461.4084552184,158024.62779000212,370470.6584157143,572993.7971681153,488972.60361802723,300632.08238054434,633824.7681666383,872948.0563369015,276588.03278850974,1000429.683515519,1168083.758514153,188232.2264708793,679205.1098473904,497416.1811680266,715770.8503987478,152000.60527707782,517869.8239109969,1666401.6168543692,675712.5673308786,495953.2373607503,990284.6036447488,1079607.0405499851,1885628.900560687,478900.0476136403,462808.2816607741,691329.2620466506,620481.6130935374,210605.14342338825,1290913.5672534744,738495.0199170245,371114.27124173526,56075.441259309395,540304.7195131581,314915.5641044081,2142558.535754273,540854.0475974921,417608.86370666337,339455.6881416466,850084.828317384,1778528.839690279,350361.948390869,182094.45324725754,337679.04186809977,155208.46479363495,776497.3697398468,113655.21658479336,762449.8474357151,269633.7436382892,306623.0475837062,606181.6425113367,242242.17396047458,1292454.2115739707,950052.8498836744,141548.36819193684,327241.9689300337,1624294.8209905804,559690.4863646362,502010.991925565,1239439.8595065766,563459.8914661739,1083754.2756578622,613712.3834654469,347069.103387549,757241.3858276869,2068161.348669079,321155.9465965467,67318.13988052473,711619.334780702,206377.08757573128,333793.4476860378,1448737.367123099,673661.5091599575,223095.92341985356,907380.0084531883,105615.73481057791,271269.3241527435,349109.9009385561,611453.8147698112,664182.7908075766,245174.72911915023,305574.696031428,174987.92845720708,797759.8363574472,1323218.4044337806,163660.17095586896,239415.7113382386,1268051.995446445,371569.3296012315,738535.8835333067,139775.71405864702,185756.05725830354,206855.89718602007,500882.9468502827,672227.2731265035,1073421.4419786816,193555.49951251654,194290.09516739944,835685.7588914852,837105.5850696501,285714.3163738522,434080.7555068711,1094732.4612872596,304635.6814217326,1026996.8924221913,937788.4603629771,378421.88566200406,873899.3766876156,1224405.704359912,496311.8550712882,253758.0711805609,296706.2559851788,382625.14094853064,1034148.5868111071,603694.3992453779,573560.027422923,609475.5506628207,392995.2695593665,1950227.6208711322,1146550.4434432895,2191608.070618706,343385.49628243514,506562.79736778775,850568.3295961625,265289.6361709734,430015.789812574,1710621.2082524179,249075.8526527309,156090.56738528752,638932.3556413327,206607.38933828226,183887.78726926376,396095.17315279983,1706574.0123457883,205542.9404891399,116888.59551835788,595884.733444915,1321130.2980598286,299237.50226914725,89096.68251275763,564504.8598195101,290267.06094994524,683038.0816795435,2760954.74868449,482532.6793351929,272151.07384768943,817738.3064615333,438202.8588567749,178478.4993466633,794433.8186639799,366000.73873364885,306554.5581385638,336328.32593133365,874285.395273957,692036.7981964622,465269.12293119595,952684.9327013737,246530.9017546255,283494.06141105347,573853.8532205096,316720.1993212212,166759.04084333553,798166.4587535588,194374.86173776488,1094248.4283028636,264910.72302393935,1010504.1143082184,1241730.442416292,350447.9721900922,501558.9339416334,1021763.5661419809,418044.8538496557,474342.3448618324,273247.5082982157,1013226.1341246488,450960.5732886845,730238.518572323,250391.4657211657,1671605.665035658,847235.1278387957,1562841.2350455408,408180.23238416604,315917.7240005199,858730.4658881953,232372.3532667775,78731.00194266558,337386.54957794375,172799.23936330434,249984.84001895995,675684.066151623,441956.75290528813,419840.63572537084,257252.26391393534,522891.41244990914,266348.71866251994,1151570.2647815843,889183.4751941782,280189.31140674563,1044720.8505257039,2343786.457919479,605872.5982812151,396970.43469254725,219817.2421017654,342842.43924402015,587349.7990120815,291062.45860589924,1086393.8519172925,281933.45559647016,183830.48912602867,778965.605167605,326622.58008243976,497522.4646535367,220788.22099589938,539595.7805802894,505969.15910288226,1274344.3598847475,334823.84350046667,848773.4057647557,246687.13128748196,3614034.991624632,877714.6844830305,1096100.792266514,242143.31529057526,335103.2147688862,837614.5990781006,1217975.339542758,697717.1967418478,2300501.892937261,209012.49779051825,810479.0678790009,451239.50118257053,295480.3225028481,139505.25422430027,372751.5804112076,440710.07479410426,291058.57942035655,1135169.8685692989,411613.78146915796,486229.78255193145,258951.43402743546,421904.9340869845,516607.78400031733,165084.387364615,125979.5571441696,336320.20670707914,340383.3635533148,422790.1897198801,1077392.2409436572,974331.6986415512,851286.2044877169,270520.17429803644,166229.2506620655,416603.4234578973,1562274.9264711798,527218.9056485519,438510.02916748443,218001.24774814807,932806.8960248973,512454.43505874404,512951.5330966414,369872.21634945704,1032591.3267661717,138120.91151819268,306840.86701836763,1711717.7409383089,376267.9935491927,458407.3980499371,988085.34999214,148809.3932108288,161537.10578429524,162941.50796568426,907791.0787810212,922800.3521777656,1219270.804733941,864907.0739682022,557299.305674575,1140176.7977694985,1178380.9182825626,154021.0677113474,486966.366611801,807765.1922365938,771284.4115497606,989620.3006818473,316361.5926814904,689814.4887031992,887541.7065094708,700876.0143604104,89445.64853164356,398481.53985534346,801779.0721659794,602665.0138364881,447022.15521720034,876595.8921695256,867885.5807944952,180579.4819456317,469814.44607164833,365506.1756027087,579217.92414866,280424.54400275747,361991.6328942929,445182.4901400742,139549.96480358325,601649.9252892489,568653.3799087724,789928.1774491428,539211.5431071315,124557.12381370574,426708.8249904109,244608.5017233507,1753953.2907061367,631600.6934588704,313388.52103638893,1060503.6220713754,347392.1455038193,201638.4719621134,346579.4447629003,1185717.9368190416,556846.8657420614,202076.1547034593,326809.2255324358,215012.95917541828,315670.29290760524,441770.98841064493,589533.7155050051,541038.7942977296,264284.7339194653,281998.7222021605,363145.76412499713,2130044.4806858413,445986.3894096486,834111.9748297113,863460.285403767,92960.73820923764,836489.6010984262,274194.2474613455,527214.3023204635,395254.74098217336,468697.27885385684,203768.6645276088,94086.92437752591,200010.51292866375,231115.50766890755,560075.0827006544,300083.1553790299,226091.99346474325,340373.01823546685,248946.10310871707,2111851.5198038877,279601.1609179204,1244726.2683367706,289679.9985887195,1031720.7628113254
288922,637068.3164471253,529905.6888142362,315492.7144913445,309472.3162443575,257586.62028737835,875243.8605149813,310400.8613557304,1529999.6802835204,230462.68370808515,531820.5554742166,250224.99472267178,201892.51934881386,148725.2092157328,252862.8414748661,554204.7217302669,196241.6856093491,130460.15542810588,457825.90916394093,712519.0534418493,149968.78656955296,346422.39153368503,254579.9098389019,500822.054198408,130365.38270034837,525995.6097231776,300395.4433272187,169281.61404176676,165620.07549861202,309508.6161057519,380643.2907329426,437318.4890519817,171024.9909006565,571348.2767219163,400037.8822558456,594279.5093192848,192790.04954489283,291126.1674618654,397498.3333716647,333960.04904370493,147181.50635267608,963995.1418009974,423508.2303208863,188305.34505798673,1709387.2589510453,227861.6099336381,220191.45946774658,575804.3786790826,340004.39840531367,424266.0559255793,599277.4774313433,1426034.7603713693,416723.20295933104,572905.0127139989,553051.1080924227,209811.2689494195,241428.16875155218,1087146.1145479192,582047.7100992709,208535.90297277892,931985.0444320547,423646.0105900065,801898.7118180455,158249.18775421096,141727.7823186366,158375.50065468668,362166.34721711196,563235.9735460966,394383.45067066763,1084964.9215625513,950760.9944317149,1015512.8166052437,131481.9361380242,274322.25422819966,290297.61391509825,533173.8476179303,284508.0590847938,604330.5553496871,1030073.938549186,502799.1668611591,390988.2506402906,321170.21325880894,573683.3179781338,315852.0283659466,759003.1434965723,205625.27417793815,152451.5320647843,432078.07520072395,517847.2089719045,351961.8594645994,166193.20632972234,301145.93584901135,1111434.7021527241,347981.24014014413,189806.3842833062,269760.54238580697,642065.2934274552,402205.9276242919,2498316.8088994888,231606.03705185934,183246.81106390723,808080.0635140763,428634.2103805097,127956.45476004177,184613.99909993252,104939.58274206858,579410.9836990419,408349.7829342765,730498.3701690544,737045.0142651846,390358.0378327299,874560.9452374551,1439590.1974876295,219712.29967620035,170310.3431682153,323464.7635658947,510294.8469647913,272520.3342619601,246628.08131014576,441286.8637013554,1390830.3034434717,285573.3854158138,839267.023480199,891217.4197623157,410202.69010399305,272597.19465120626,575437.3733198224,295941.5058543756,215270.47376741606,196108.2762027821,103925.11006471592,2022325.8780284473,834442.3396639707,97818.39369046826,536389.5575232037,317648.7642811932,327929.85889311996,82724.89473460928,1298302.1212417914,225241.47991652627,364304.1249587904,619354.6409619609,106011.1437535684,108398.53623279296,364555.26691559027,286621.47800199816,597501.4166958915,169235.0478552937,242672.92381025822,497857.86639763473,535819.4470166506,136580.17659257547,468412.7246856987,246520.9472419989,925199.0736854413,615080.3467239985,170262.08478582234,1003938.5768888303,156011.69846985425,2266744.521448212,1180142.7125280465,555574.6684335305,217228.84441631957,616447.0712488632,446554.17278058664,470730.919852536,469451.9988773065,1002062.3140116695,197704.77395586568,488685.93108367396,509658.69196128484,266419.5660800083,2879216.3361965762,809406.1940233773,133690.94338728237,210727.69110294708,306103.52470144676,133535.3264201351,1055452.1946095491,1138385.9032938066,1894353.7882442733,543593.6158793009,641403.4624993417,790746.7513135227,172618.53882747624,325788.6452422586,155009.42288474817,131894.70766601842,406664.27831754985,186054.22514568383,484228.2971611384,278386.5269749662,589410.3188362403,40741.635192284484,311949.1424102361,154332.92320741827,526873.0911269378,328773.54326484137,830284.5574035216,2748221.2214116524,1171002.66752259,157826.99400447757,296862.1040823215,469515.13531018817,155129.68928817878,71087.16667229618,1114503.487174225,1568904.8290904376,458462.6541124305,1004183.9281527248,273360.6626028667,1574339.3860527305,300648.02989546454,790400.6656067648,194305.16204696163,473713.15488314757,805336.5897999861,740613.2220715865,217330.16297491436,410516.74487977993,983150.2764967775,856883.8404763058,461960.49110889464,369935.23505472695,78000.80456947643,1262753.8464693544,120347.05224667306,911979.0882457999,676359.573313537,1870181.5844141792,405713.88183487917,922185.5817336531,375438.66269286606,1306325.294257617,263144.21041125763,210675.18819738654,128654.73676698483,606265.8051800779,133874.68146393224,555956.3698575934,331701.7944096534,652825.6256404078,335804.3671695537,335027.08532825566,392512.5511866023,1457490.2644691758,1877510.2492057297,628148.155999996,134027.04958139893,639934.839517631,156063.49350441774,390896.4601442567,388552.1448490381,336870.4688639291,80202.44965353861,616080.4698905144,169324.87149565603,657577.0187325951,610409.5697431004,424084.89876705623,851605.1414712252,220256.03470829455,998158.6969153285,466545.25740283716,178847.91355458717,854939.2890617001,156347.99114017145,535703.6094477369,639519.4740277436,2974448.415744146,1192022.01908916,824994.9492694607,392586.70645774185,222381.43339740942,426417.8107251785,246385.78144330063,379157.44067601353,490721.8561914812,281598.4372001949,564607.4000413283,652298.6159666424,2319307.3787119742,1502261.2203790136,1172349.6613368988,531528.1088341455,284664.4722729381,340426.5903003362,173100.94231097447,248387.03572625,641626.6474841082,236242.14367347624,270480.458741518,269259.47043281567,266035.73075412575,424308.96578083915,339513.7288561412,324000.71572970937,632996.1175028535,546969.6039956964,1168232.1033561467,306061.7590766124,657058.3905109442,393041.2231252781,741759.8027981891,684583.2804157524,45256.229085331484,195663.28692822,3398212.431086388,1538015.439220461,1545372.9018024006,488940.09249485144,1481022.0380561517,332489.95148314914,432794.56177590333,1770211.850766875,331018.3848351442,520598.24497501453,272857.35411807516,334355.6392983576,587065.9719944692,752247.0663611435,930920.5709722412,515877.7718051127,708497.8749782451,762785.0957327989,2172700.969099035,191505.26544162643,417680.33177815366,564400.8599902085,374229.4161234419,283834.14323533,271160.53406014165,486848.6678188287,1808324.4907855187,1702825.5908200133,91731.73998374425,1652411.5171474162,368749.7056633149,835557.0853814576,263771.83290450164,513817.53094064264,216446.261699107,1396009.1744144773,1293243.027623307,1002075.7735707783,561414.8247149053,1026084.251706374,485873.131485861,606936.174879029,632794.20161532,207359.7779347583,815759.6546257013,567618.4518077453,370616.3575205572,216334.51667181932,1132553.4400793158,465701.194151916,535296.9144010545,862198.7489702619,142579.26920470115,1534709.8976403663,386753.73569397646,632421.003746202,381260.9857603909,555418.6567878453,314912.1357260394,1874783.131804617,702500.5872787186,1017498.928656886,1456738.839755924,514256.0817799744,699815.3951406393,698456.4508527599,131623.63098223894,182601.26941320553,325814.2567897457,179317.16295114742,535224.7218525923,456947.1012424129,285654.71917647315,425980.61839099583,278922.61281852453,925198.0118214458,1570256.254104099,248439.46304574423,423412.01568061847,386363.8321831297,163494.32822907265,713561.4514996554,315635.92639242025,237619.2471897645,352577.3751872591,816760.8642780983,352243.93144075264,200392.4076387988,588122.3687014788,383892.9510451089,68524.82552774067,129556.72014942933,136422.13011530245,229377.75964278,395793.59551306645,188227.46277179275,208031.84924837848,526465.8804989838,368981.75662282103,227114.8487189471,925504.1506833319,1480431.690737885,1291386.1594437808,374140.1802567005,497659.4003696939,437185.32840189233,956407.0101746446,483782.26021623565,157342.19252400685,694833.8353593929,478362.3203885046,171461.08988739006,309762.3956734607,865218.2905357915,199740.65437160456,231954.90094734015,373460.751347018,461765.5271296445,92111.75818301878,271537.78430549003,369605.8486005488,836895.7968009945,348624.3940921177,874082.627671172,501978.63173165545,830733.21800434,366821.04236216965,121541.93879675398,737478.1272188644,434038.8820272004,887139.4152265651,197823.84638136666,206459.19967152466,258597.87856456882,274104.7287212126,401894.80855282274,277160.2793229291,2836331.312705644,286003.7776628679,251494.9588436149,459320.51473643683,601438.2977469356,410274.6528079831,457819.1320981818,2122920.4724985166,343964.5764165526,1346365.5510549298,389350.8886591765,541002.9262627382,927372.2688285098,517833.42962366104,492834.63894105505,118096.81979697333,220937.054041527,223714.36790890587,666846.4249290632,1968777.5720747847,231176.25906415566,391984.5275498567,232835.7320343276,747188.995194162,275611.788159073,140216.18174348943,735758.9240505158,1037323.6376749158,431579.9533513246,1002968.4232666894,329804.4011574133,882313.8646075951,550097.2833799595,187318.09327190503,141495.51788167044,301059.1305045902,82136.51088629871,330913.65222679323,212473.0225059528,318069.7276004188,393487.6475486426,890709.0812193435,622136.0733704505,123963.0022392932,560651.3437914411,1177211.8171658968,794094.9948242594,571906.0587827825,431105.4406627276,281027.6031102708,619910.7691251092,357328.2126847788,524737.0999138341,138943.80304710596,310405.87639344094,533020.3273643588,653344.788450969,587708.1934383858,300018.90294417524,1086581.861929442,397802.3285048905,217092.98473588706,740065.2311673798,227224.72110854252,960924.8211455225,1854461.7029085597,170786.0916330822,216962.62777855646,499725.38350433053,270345.5514022441,528543.3017241253,309403.19142865716,672524.6714841458,641940.2994097578,692565.6708185655,698959.8773557544,826853.5139738311,257183.62799566728,588297.3877171895,222399.58092207412,314257.796722746,387551.21824032685,519954.8629446131,723866.2007206919,153455.39188798386,380936.02507273393,273537.83435170626,2853796.6649082373,219601.50825801605,563917.5213032464,1384766.0773781724,643031.9098873982,166164.23459834975,565386.7455988115,1066627.6325978397,613245.8669983655,900178.4051489383,818076.328515614,138355.96661638748,737031.1190563347,1366866.4934409622,482337.4507048755,554521.2164354353,1049195.7207711139,559768.213942267,347866.7830708248,334165.36636670976,496030.3784922245,780047.7485223588,806028.3166772323,522841.09425281896,188176.6074115601,876112.7242769453,1208536.5827083194,877894.1560789256,427282.848097378,717632.0905207021,189581.3146290664,1155219.5805297538,292964.99564539926,168551.87607716536,93882.20245324877,100800.81809831786,175807.72208348845,520065.81426206464,922752.7136911728,699873.2600006671,146340.56741351527,663380.3516937171,138669.88910984757,829979.7388710631,165341.69998464396,664977.2807831789,901328.4971213621,427565.38768580527,156395.72932241522,769550.176481439,616214.589632975,105567.2100933894,1367041.4644819074,413856.0152502821,321906.41788948304,913059.1283284078,694252.3724496801,1033448.2712879607,77523.97602030398,645587.9168468253,228741.54485303874,562354.8994228849,229727.95359164372,226192.45807101438,683306.127020329,869223.3994225104,342655.9504252489,761504.3748819323,720250.3547090641,410702.42818839126,391325.7753068001,814272.7210446784,206139.35863579804,73282.66436356134,436494.4605352364,1444024.2888801817,160181.61717095377,394969.9930340891,1678662.1555748882,320674.96169091377,516103.8364268872,181226.43456728614,654194.6918893212,293166.9279338825,540674.4279744731,365470.88815271464,276376.82043319184,156689.75320010283,1233581.0880208632,208910.12946351827,320986.9993670863,97095.30197454873,353370.75788939075,305697.34245481883,303067.30848713964,570706.3586080535,824783.9044838595,339908.9119834576,189217.654396389,357212.2738980842,302962.4934226408,705464.5584680766,230243.01017079243,85462.49678804143,509195.72013941786,623332.179408996,290113.2080139914,859716.6171635614,799090.2621926126,179285.92548923253,953264.6102424575,428227.51422351575,1106856.0038614832,282285.06702254416,1046523.738891393,562568.3891942179,340939.216662884,952046.5780919627,587832.0733159318,93154.3561820387,515978.4883834935,327987.8342069878,697396.5499677092,283838.6435751859,907342.4195574579,528201.7019859784,182901.001412889,249870.32774963562,440675.3394135464,436323.7173924202,754667.8483938918,317446.84256522823,179939.55634899548,491242.2276684475,798584.1507485424,129197.17339966605,838519.6064184402,424488.2641015051,503412.70135025244,2164384.9378047623,318225.61535401683,317481.3388190459,497388.81647660537,445447.337467278,300072.6611874748,557843.4250131272,156056.36623794108,426889.26969683764,723564.6872903138,821035.6276696409,869029.55216685706,1682342.58774389,282882.26326624915,373693.9030606657,179610.76482894816,196787.28029108254,248846.30092754762,674496.8347685046,552785.178908457,239789.3670159667,236785.48821288068,785290.6399647394,188488.25825003316,1384324.6319022493,140957.72051615335,512809.6279899337,848203.0881464799,1494772.9777416203,1172261.0102809323,411380.27891000145,136355.03641328294,644772.861969335,1845718.8404340632,132134.29074275415,203292.091814486,3456950.3420994594,552787.8540812538,428811.5571162167,536575.5484160992,271906.6801234926,369569.3494622643,671314.7032188064,519699.1314239358,242698.2243488385,697748.047880829,464596.656209053,1666825.9816192787,428881.0571884766,466550.9775176412,1046623.0422673774,281252.89297321264,293077.2899676941,201277.5541473461,857786.4614367085,180349.5300080585,183404.37864347245,336709.10834170296,1226239.0757971709,94852.57959857353,341417.51998481544,318967.3228167586,389076.8669216223,380597.62910528097,353915.7637110126,369227.5928636288,164176.48714094664,139186.36428751843,189224.1346355671,493702.5804460615,158703.0287620917,750909.1462221878,200469.89471780823,309319.2171835094,97876.79971526632,919369.6274720004,724267.5341817257,845325.2024791605,222521.65544036072,655626.240158125,496206.34383936226,1457543.8726590392,445859.83632934093,475502.48077721946,90193.98647508763,406478.02105300623,503415.6865743825,1037063.5743713253,430433.53627716255,375549.49266222777,1166755.4241376773,409223.14371470176,599227.0796918432,114148.35980965398,158598.31004498256,902307.8268057187,663788.7211958255,146120.46642116166,295293.4275206411,761882.3909946425,202989.2603215786,251464.0839399709,308900.5814171518,557056.2494147586,535953.0376088227,319205.6643942089,167999.831000634,951184.0209530419,274196.6210873702,431578.73560300324,285733.06624605536,203804.69125941655,339280.6701372338,95346.90944314166,171901.59469508956,159691.28674726465,1090809.7124310716,336494.81199968676,1194925.8162171624,404883.072615974,745980.0330140532,1792518.3248620294,819314.5913847119,150724.01056321454,1011828.4757549979,912664.278715318,838956.3316057003,943501.0736788154,456147.0207696596,182816.5901213522,312973.3427811766,451415.8483221709,107887.08597757852,310053.60018536495,546356.2818837118,706666.1091052918,1042701.051397111,156842.89302194898,1232526.4822580668,280121.2414215787,56209.4517787336,428824.195647627,892456.0087379831,472264.70911694766,254639.62248426888,314440.312027671,192867.53950433046,441499.0162590189,1041534.0527233231,258205.01574293422,252396.71561223498,985448.636884239,213664.27658286088,329584.54359387787,102281.13868638361,156723.57785853834,866656.0490302788,1271632.9467606477,638021.555278026,648962.2625383086,527649.4253012635,1058756.84929836,831556.9116729316,439181.299465653,675932.0389412644,473419.64895236323,210195.25212029845,504476.87884444895,210280.3804935683,224598.02275201684,1132950.2840101751,265829.44243552163,482206.95319155836,339777.7373591329,1307058.4196289612,338250.2573581761,1091717.2572371857,547839.0570732245,1635703.6166762526,514536.6564497231,907552.09110791,307138.9450000326,364619.6668784134,226460.12241704695,599422.0195940705,626475.5712921086,676010.508905681,465544.2809034871,167169.03841388668,440993.43691542966,476541.37614717847,66215.7065236833,395560.0959176925,480483.34387464105,144124.18278875278,416962.1363640884,772752.9639947369,359278.57426000835,290173.062376757,370205.42638097564,490651.10908942606,269954.8435970913,770404.2856776303,469750.4689753192,302150.8365614804,900269.3759072957,386082.822378507,2122635.056482555,254857.5136930833,1068057.169933754,527284.1821306105,393710.3106789355,161011.0283086365,328115.2725215963,373461.82469614176,502101.58636905614,1148029.9833838318,758663.1936373928,263841.1908908455,330440.805148316,731782.2681350202,1143386.9230610302,468529.48044102575,1682783.9118686463,417075.45944713644,435820.17776692234,6153264.215336488,670202.7212198074,180826.20140278,90687.96779646186,351778.45604822156,888080.0455014351,754930.9031830365,550821.0364928939,657501.1565923669,67428.6567173595,369595.01175161963,285480.9740965414,622646.5426205129,308318.58760529803,604526.706795633,369857.3199435289,1459154.900321752,287747.79058163305,810072.1257592782,1072776.053750899,793945.7323724708,55187.13391422918,175839.16467763128,318937.3085325481,371527.6334333567,290889.7767683439,106213.40234702271,135911.78392802636,131931.33985658342,1025618.242333134,284020.13163653895,317894.6146643197,5277881.43187176,241350.00495465205,816703.0074017688,439272.3925696778,183110.88978348195,189917.7768592722,167994.30465459733,810204.0645302032,277643.58627064165,1132341.0907617041,1413848.6545864793,184966.46370383454,365003.2449764721,898739.5407195509,586384.3522366732,542918.382358838,547002.3983717087,348217.54374002,321559.6891119052,174415.90119758065,206251.41872875317,794908.7144321776,402481.38751521916,468672.4891180373,238773.9565534234,646542.6847566341,163445.37325200107,527998.4032487057,163331.77329183696,758682.3732469548,917293.3358306866,897333.6684511674,284752.43519672705,326016.53227140347,218235.68402641706,261072.60817189523,201613.53861268732,134013.85260396465,395341.14288297115,152942.6344439672,502218.74673428043,355728.9996545748,1061852.7930958688,158525.4901559889,289557.3986438823,1183097.4747716156,900176.8962673587,182728.2174362103,503095.2711876085,546075.4971225522,777757.6029909408,1290445.3743202642,259507.96565845548,549078.1877565682,105438.22279583718,438768.5057680162,961003.1130179844,465995.198264025,918184.0681325349,406273.0802264465,342322.63757402427,435614.3915565625,512939.3424348379,588221.1785289788,152640.23684608724,145253.4876886307,654352.1962226876,393744.8451143845,321385.0633759782,713309.9533253633,1571264.469827614,456491.55792826775,188902.13826614904
693162,281381.42136630416,387104.60818152124,342363.537965639,375470.79334685614,531919.7823557161,831584.7853560436,569892.8812447018,428494.8375509554,188931.5011105097,466607.5136567208,122858.89192037855,830923.2339779383,1004643.1865027645,812327.1836332256,654083.4912512109,813907.7898539392,1040254.804904883,1805897.160973225,1333902.485932051,1006000.7214639969,464443.6828013148,88804.41156538232,250678.0010515852,412856.40120261366,338775.8065086556,284022.3297633266,330652.3708327164,565086.9224767443,185511.40750261093,282596.7317780202,774922.0916803122,327254.28919505695,607098.7970884737,1034626.822509169,1514830.552714336,189012.39446832475,120655.05859955688,1462993.9275120108,301273.23079262365,716225.0009020133,433654.9293025422,666859.2325054306,239942.8432825478,510764.3752535232,230615.64007733564,733543.7688100669,468029.21125880245,503448.98519693705,246235.92274236496,484405.44870629784,160620.83102851178,265064.4015607923,889360.5031316124,317874.11258987413,1061531.2675923964,719620.5242891209,577609.5473922662,278830.3136334235,632831.8593621055,211063.68794369916,287144.23578729364,787203.9054535675,331701.3610446758,343261.03911373904,760795.9677727597,697427.5068425081,985849.5828480666,437828.14362475456,245784.6710700885,346695.41910228884,364244.4469090524,571811.4175984166,2790726.0326141696,222353.10576034256,772143.6764090911,1217992.9011990246,377424.12143856526,461061.53171323537,395957.49212476506,654017.942115953,211415.69302712192,611200.4860305903,384859.41206433444,702577.2234095042,220856.12649529937,976769.8244282427,542993.4424431366,751758.5289066044,1890480.3104070167,241121.6871937393,535493.5383734249,311103.67558070226,160349.1347662268,770879.6132435198,281876.16498033993,143541.81268872507,2515111.7011630004,587926.2022611208,249426.19327425805,315425.02264422696,466601.7512463582,686450.6214307266,269211.1734946544,478945.62434425927,370945.77697548084,265699.4493473331,609656.1795184686,554234.2090847179,581987.8314713266,160203.75823003385,751009.1704824809,416624.0551036069,153871.0292465794,888524.4904615369,378034.18353758357,618140.5605286532,557714.5371517221,590231.9326702107,866839.1953135022,309338.7001869236,150852.19521747864,533809.8445659452,256911.70393466507,269735.26663923566,388741.4058136789,303365.72871549637,247486.96456679617,339530.0181042601,942477.6747992291,218004.15311641464,1296305.3979764346,181380.56265933876,815233.586808791,415515.73336121254,603990.2355457162,474942.7741173966,229956.3401411314,230111.0451665156,106694.85641339418,235023.0160135718,703740.4218039305,730097.1337291681,192433.77850370543,584333.3710496668,1322031.3632557937,241131.07688146373,268200.2726032531,320996.9488596125,224793.41592687296,1246804.223607059,400788.08083563915,347641.1078760575,708880.7974993029,220033.7250158121,459678.2081286822,560263.0624115946,198684.00901869967,707339.2039690026,510503.97365463706,234593.6484508329,254320.37134261208,168658.8508997475,226647.31830070075,320225.8764173061,160708.95223156334,562443.7548721031,859968.0724375764,657446.0889084202,767684.0197309536,301171.87688924785,616629.7994651841,110937.20630474445,432153.30785448645,589713.4632438713,267461.83974439447,261384.41613625138,101962.50980027087,176629.59117293157,257998.80636199642,557652.5633315911,474868.2214304742,574483.8740927272,333591.57808247884,299994.23606715514,542326.3130444571,432157.48329402786,361442.5221603795,1024092.2713883396,659563.7338924571,2933353.597140896,501638.1492712821,251638.08853849798,318601.6565982822,510950.3593937283,131441.57146754966,223815.93442403086,1088720.1310188968,1153069.4163362551,739717.7448091345,765845.7870414141,177878.57516605247,502807.9784431786,713957.475516701,3227250.3598277206,363198.6886375763,505364.44270056585,283703.530489312,389822.36640596215,1204407.661035046,613086.5867558671,1175387.990755087,2409635.1843829933,603335.6881564102,850823.124553628,604295.3166742612,329574.968663771,1108588.3814262385,192335.94887812217,542840.1653684985,297258.5070379243,541766.6152816518,273933.4672611322,308854.03781482315,278388.38556549983,893568.4290235447,649598.8411956303,256338.12592892666,262412.3612013245,1219319.0801857244,1170675.0939238518,678258.5434650603,511860.26489816414,865816.9343262049,695046.5438788055,1357964.495947604,477095.89059369813,409206.7751693706,989338.2994283173,285785.51396146306,228321.31405666404,1237334.8408884152,155681.071522754,272261.0933666905,1194812.7555272672,387274.86197912495,286212.82986491825,707159.7097811103,244544.11557448996,923569.2011566091,1689300.4659316004,61478.849697966274,413439.53428698925,320583.21535153076,294159.3236225028,387495.6023536549,592552.7517672447,829485.1098508078,377345.28049623,2348468.0058405707,223696.0721214321,310537.41993781243,224702.32567113775,228466.08436035147,728651.3111141004,465675.8673358151,640735.8243704082,401683.68703098607,634446.9508943589,501336.685490166,183550.47947949416,1510966.7744219345,488982.17868663225,76193.87710400243,2866139.4792443146,875507.1221747568,628205.044455116,229951.27918630125,258378.21114676114,2554639.3317619045,149332.65630741435,834768.0854698239,1165810.746766236,476946.2906300281,301540.6205363378,1083337.4542360224,225355.21132997843,405383.0003212156,107387.23393198535,1052643.000354924,80981.88840587978,344263.29373214836,250316.1061165106,181565.06369207188,555408.6322374352,207269.40424005827,267449.2132268341,535435.7658216207,380996.4216433519,883490.2123357676,264755.3765978612,251298.5367478266,234916.53336384526,172543.8874175968,360625.6370666523,704793.6710970913,1003694.0981682173,248660.63880683185,103041.52974792308,653261.7888669163,205598.1220882267,371433.31865894457,562127.5058567646,812442.5730301904,1828476.0993670835,1039138.6098936059,1301578.6228319525,1166698.8407324527,622623.8695011106,264217.6848337622,234934.61751959342,307748.25052516616,936808.2617567376,1126180.192450068,388827.525110921,174250.72631571017,207597.35914095523,545458.7994712066,159829.24964693005,664156.2892340593,2927683.7662395635,461709.096601588,586163.8175724838,474241.9942064241,395383.9733801872,201589.6849659157,361759.19753970427,407504.3979109647,297085.08859354706,184046.30547407447,349817.4383429733,275357.99188745965,238968.8784218853,450551.2107454,529691.4406266846,463316.25073277124,690312.2487743251,224659.60176415846,1791726.7133139074,502100.96331771876,394047.35513931786,694211.7234258164,273192.38140851783,460168.50804453413,294981.8611679937,293995.92720284197,692175.6389384436,669577.8462116856,560093.6606788561,342833.26535093505,481288.9299659355,227046.16905195164,598235.75165577,1373952.0508317086,212292.8627265256,373674.66804822226,307129.2587664267,116074.30687491747,659345.1091966574,356996.00552679494,173081.74509060016,246829.58566998874,844661.7030425874,471713.4497696982,36525.32095159584,529063.9787082196,201866.0334708072,663469.3162073803,233453.02599650525,776590.7211876432,245320.50453544818,245651.84232302575,1094931.8114707186,1815968.3185967258,278865.0912307756,212357.79123402174,340381.7939294584,538678.9855775252,1016881.4808538861,300097.54764633835,240398.1603862656,1002731.5072463223,308995.93551755254,1208628.4110084923,585039.8072245544,1709909.6136823841,798748.827940266,691987.9765555792,70989.0003126064,344152.6408383737,190389.3804301296,498683.0905704349,573324.5849030168,245032.0396194964,226067.8119402533,1615671.7851313006,157574.88099367428,484942.8605590398,332307.4006770761,437226.8301531064,393437.5307824025,635811.3309310246,455844.15451506065,101531.15352549839,491667.6684947202,2952471.450714514,371859.0373333187,271417.92584228155,557140.0830050475,140141.38100420593,575502.335691108,605066.0323486915,338897.7462973268,188722.3047891104,894913.2808298846,2096674.530044975,1320680.8381544969,581296.9822512767,177194.80102373607,98137.45035415399,541518.6974698104,622924.9603742034,232218.36676491395,196317.12289168796,1257954.5513525128,354673.4526805794,317970.0754469043,473923.4459193723,623087.788564665,493697.1577740479,2301364.6487178756,352888.87843559735,371253.0986606767,544829.1655706817,183119.12831444835,369607.45626672305,201150.5115930046,329183.7557939691,1903830.3294435395,855761.7241721327,390813.59442518634,219538.25437988483,344358.3965719816,92862.2363672488,489223.19690744096,477559.4103175973,1173217.6479113444,106340.13966315323,216780.5530387036,166592.2242493266,544934.882919698,2312197.820259094,317786.90375959885,510781.1155799163,422903.03767479496,674553.5021434524,388990.5220821959,374876.22219535074,177649.13966578784,370057.5434973036,975881.092711411,561783.4798543142,379479.84191767446,307564.79867938085,840355.3519213801,559168.8543387123,930243.2626368863,1021290.1245388965,279787.4314249622,456007.74967312557,182982.79686937176,755900.0624587727,1225148.1490690338,814179.6903395168,275134.34657175775,560446.3359229498,466099.1866781653,332770.8935614228,277422.60225220054,1021733.1391815421,145703.08876809443,1319466.3175086565,689842.7618986848,275663.5818899738,213222.10172989007,1081364.6662677978,391225.7559624539,538315.2246617692,220152.44213926658,178750.85426093123,886753.0317756328,843125.9815973158,573861.7511507684,1031661.1450998493,253164.79521999124,223285.65456712505,602759.6552675484,5421864.886640853,591700.8855005685,655143.4687487526,408535.04163393,483596.2747420194,380268.49771277414,1153950.1408137495,434911.01085387147,689332.067067253,268571.0889773035,384259.379780464,281834.11671327817,225391.82311641972,318170.98055826453,322829.5962444086,712676.0550515315,447660.9832793103,820299.0360962577,98712.70519114981,426069.538288611,299945.8170272756,485270.96465112217,560866.165466257,345087.2673927074,558536.807546484,215127.76827560808,573255.0816701367,794380.1751529665,214589.23899059757,436599.99777360115,137424.46888193313,258329.54915766104,540726.9885606851,1648019.295854121,404175.70999451325,515620.2583949535,368226.71146247926,385484.9445855205,287837.3593029434,546878.8833796472,367203.67162322893,194459.17490163384,194866.0439967366,462122.6296113428,1277367.537865608,163571.7675873319,676539.0357525406,308175.9369598209,800150.4589268833,422374.19515477493,851947.3993098144,191428.58595478468,370655.40925226617,171034.30601722095,188805.0134218466,1616334.0092771102,153882.78387550646,530206.3641533634,431303.0354422948,331225.3839870786,1388167.6047099642,314620.72419433284,74714.80790569533,245727.97809799455,281378.4128035599,232320.3834147147,326609.8606762813,255641.5943857488,684003.6512685601,789321.6993203618,1105793.1312208418,1874063.631173093,164780.61908262,350255.82953177835,393938.3476464779,902120.9726610084,249443.07168622842,667351.6222832705,675304.4497789238,359515.96514396317,186670.00385846154,491353.92134498624,531757.4668026963,706912.129048584,696129.8310906072,318249.37420124497,183373.9249051241,255293.4094410217,460121.3598360013,956205.0224520944,513344.61511346244,178130.73068000493,176546.07924115026,220867.82877344478,1134267.1433723902,1189062.5393022674,48707.48030281662,605127.8831917787,241175.21945291306,312414.1565654995,394778.10016793956,209446.00223350202,938683.8633132245,521695.81403506635,411296.88484313665,798520.7330707334,410628.0657520767,1688069.3941144368,212134.29769713504,71820.02681727422,479286.21147657133,1524125.6486560577,817644.3861590353,1463812.663754329,1602824.414511963,257217.06136990318,771695.5610039601,318181.90304432507,326039.4399428818,310369.75216467446,258551.98659251578,677910.171077214,612403.1026620959,211913.1651853858,1119035.9223477966,159115.1254365338,83970.2416195072,649724.0393682722,485381.00242710504,551692.2182679028,603841.4585370154,562920.1269463704,223427.68119104288,441387.2620645046,192738.47378297022,138819.5823448913,828237.3875451444,721494.340820136,422626.87201438355,402308.6692064295,486343.31731709413,457363.4880828313,285513.59507340065,178112.17511551958,275519.91452941945,171456.42891141714,120758.27122409931,373720.3245766448,1636455.0405307577,253504.26920703513,221065.8672452197,781196.7281317441,470944.8011302482,242777.43339089223,419973.9523189314,708993.9348569273,182901.1507309998,574718.8396814639,566369.7698089445,228850.226221417,670456.3671925941,557489.4215736248,468873.42953237874,579904.5031304469,172841.01595732852,104416.7220613078,564839.4426700495,380968.1615359815,405811.2335844901,777682.0416802965,703589.4972950905,129822.81943608941,744579.556794483,756174.4461026558,407801.6964881547,290757.936298419,291748.116708143,476528.7090994841,646366.4543309372,3237205.065771937,195291.44961859885,457321.90112213546,284460.67325894773,339802.7589987314,383610.7542255785,217015.86236264545,552405.7760701521,146839.85717298134,575967.0332125442,826398.650883507,384738.75792828266,105701.4475046637,133114.5075831791,159184.736882313,406566.3350143898,275106.4786350938,148859.08031350418,296449.92584922694,740769.9597922368,1396909.6343909146,754330.1849236838,476104.24625637376,670163.7655800818,867511.7273884749,647213.6010889704,268662.2874824974,363710.5023343646,534214.4286652189,653768.5230124894,479548.23759714374,322107.0643023408,580796.3456416691,369193.6197478328,475693.6718975616,420357.2862103899,795904.9971592777,251504.4124292393,847259.1399131111,165969.1931026757,739268.8840834121,1244350.95124874,569615.7422834531,199934.69558840644,326179.558404857,462013.5332278391,591410.3849197741,274215.61392605567,326288.0631835263,136316.40580220651,442183.32058048993,177886.21749928858,387749.26644563314,552770.4084971658,240720.13682478666,193337.30528650933,274748.7014418587,267239.0482981629,448744.9333534424,260205.65731509004,735328.7661036449,613268.5400559822,268608.8399892566,469546.84953598323,392377.1251873133,199953.1280821313,263174.90318999335,1307341.0599289718,539963.9956605,784337.350658875,660896.3054900677,320023.22655906295,514922.4410861252,665274.3716940769,547700.1970450225,237097.14960316804,526037.6783554744,359549.58715138293,285573.53423250763,317029.17629711924,1837646.9461522996,313039.8258466956,185337.17483893296,849544.9298203238,140467.86611948436,373136.3364866441,408490.85159565054,715835.145605151,278185.0069812277,169710.33800408524,227842.39290417798,996815.7803476965,243390.67573369294,568037.1874364181,386788.89497577114,110258.52923086344,2309333.4626171286,420408.5967322502,1017944.9641503188,245535.32114235472,864152.0072258291,918277.9368792614,167106.9614717781,1217276.0159168988,3838943.869644757,1491760.669103771,369452.2230140687,228108.73104677125,729194.2937684059,1425231.0530701175,201659.04329955755,35494.40996164912,150624.93026122692,536795.5505084891,653863.0656147775,685246.5995540632,405881.8266228833,909571.6104533097,902882.6023270662,251136.0485665971,217636.3371162323,200130.0072042948,530211.056839138,86003.39672238218,285992.44133945357,903600.7791748162,429764.55761110707,301472.02994048805,471322.7452488412,537395.1327003029,422271.1280345316,249364.2759274822,313916.2940811439,528630.4651391559,513085.3233108721,552551.5328667206,502869.4127486109,935442.1606948164,289305.27029298927,166166.71065562108,186565.73243084442,152036.9892207759,290426.93849657115,238556.2801878175,346929.7120256498,278903.7211177194,541156.0246042222,837453.0567073198,652725.3476736903,183114.80057258147,543199.10942122,850270.8275619806,1309000.0521254928,429512.6137472319,357084.79696836707,728831.4844045177,1683568.4655568404,1029322.4077654677,744879.5906832485,1052307.1963256742,6772156.47354069,382348.6140798007,326279.0331921636,597584.3478919619,655986.8394623629,802992.1029805066,75554.29097844643,279684.02730952407,418927.93235642824,440888.8940566203,368733.08082383254,781523.8297864371,98630.19074637197,1651326.6751008183,312323.57751083566,630821.6138756722,314338.3580489812,241008.94393350047,496892.0919820502,202989.95332010172,1402372.96566994,287747.468941689,235898.71433003386,450490.6088710955,187210.58643338917,1130112.037428359,182335.35422431334,232853.95082178668,316652.13239234185,525184.9423611686,477242.9383174993,476955.58397647383,914098.8485351969,2246057.7171551897,233369.73871094812,459912.95164420846,145314.31315178124,189125.79826786634,322265.4751584543,528114.7249683609,312439.111729574,102825.22059700511,207801.64680928856,939027.4618471152,609789.5215382617,670984.7124394488,636567.1423626359,583995.5629026478,384868.7348702598,1791556.2216386478,407170.0356464191,983698.4245056204,441869.54673388734,386870.79030273634,342827.6646564187,197310.39647757311,477089.1689119955,1035961.1523223013,121102.16362060873,217781.10197487855,803529.2868372806,304865.8834440167,635336.1072758199,437839.06501739565,579963.0544593931,600771.767304367,694641.4128885493,420701.56228431565,1809731.43655001,613235.2114946091,324573.0289468563,401858.74101558194,749013.9693629732,432022.635492921,344285.28470486077,588265.6958328879,689826.1327901752,340237.5042493008,172686.04633167043,676428.3792923958,424729.0461638356,451501.26193952776,502630.14146041963,89755.9080528722,245173.13326170066,492052.1639076259,367938.3975989248,1647941.4984207104,398439.0621000891,247284.0969646039,379788.3265882703,392816.747273674,120225.40892464817,196566.54659288356,647503.8977155095,65346.863134003805,546806.3223135396,881203.9648260521,538091.7864798523,767501.3962304677,481458.79219322803,1613059.2957722184,467185.5388851351,220618.75642046772,682390.1522513453,1056422.2174229051,186588.14393347243,299657.2168138692,278722.14931995666,266665.61376815406,305878.4908479519,559061.2514105167,248866.64475087708,712973.3777954972,1423895.9001362494,911874.724908042,441360.22757465695,211923.21265406118,499147.1747853574,352333.63869346515,620875.8768901379,247740.1251111516,716312.4073541039,239731.94336220075,566489.6285468624,910489.1331355146,428772.7286890746,362686.0197176504,270088.34948887874,426817.10655954387,248373.74209960172,317852.17553888744,194675.1676160097,469681.30640017067,576631.3917243226,354159.49409897503,412005.46246864006,308180.6343259212,282116.7525190233,2290303.5996271307,321185.0446418962,285885.22043571307,304594.32531393465,1135503.4585642044,264056.07219996327,174715.97061285874,582314.1375623557,270682.5386189234,532977.5464536665,609837.0907910309,876098.0904498799,215852.8098492689,522905.6153498025,553327.5501676034,532627.8975127649
513889,392479.42657236283,201943.0086252271,293002.0703163982,256633.40230019376,667727.8045421861,226212.5457464854,714816.8117368732,662941.8404731073,237976.9251013292,518331.3187293018,518423.1893865107,387852.6412141401,394497.9597102893,287101.3295286242,258833.66543443958,607673.6863894657,568493.9076531582,616023.2317252544,132361.7444085566,568350.647988259,741861.2982256215,476428.3462308862,314266.64368573646,326376.1330502885,165644.99316844047,359784.56369628414,363272.30078055937,230325.93151380858,246599.8139712424,280594.1931199054,1279474.5649672416,113477.48403683674,665198.9588512307,730359.3942067891,269699.87276596314,1333652.2967659123,941756.349312553,626596.4290056344,613416.8968554295,242346.32795543605,188371.65727274102,613401.1489134491,507333.8136577857,270672.7383006371,933091.3535873878,1213681.6455159497,1291082.3722871384,659183.9407134613,512232.9675745924,847040.1745929881,360291.4918588243,370298.42224206426,1103481.6562532552,459198.69328751543,252805.40851666295,333883.10287914093,252007.1076835435,888289.277064555,184086.90166894888,1598438.861487221,1316379.265764723,241890.7326829828,628138.2935942555,150973.96724933397,324885.7266881623,702734.2239648049,958093.6894520652,366394.5358564246,451925.49229646224,870340.4648523089,760156.2210773261,366765.96572708804,1051672.2712850512,126282.27388516442,435704.2382945932,191751.63611378102,580619.9334949062,638399.8697534598,369068.86838194897,530560.9757248149,749713.7780233027,102558.39049112362,1146036.2208074417,321759.77335306274,710324.5273583594,149513.26133458887,1408421.8543438436,359479.95744252927,569697.9380281738,695598.2359849982,546781.6797862162,304295.4017628052,1447824.0425363954,841398.1258030101,503589.61304226104,658916.9189950419,1145754.7881169857,425679.65589408856,476573.397882508,241100.39838798638,686823.6208080843,208276.8978363624,203273.443416315,228777.6053916256,809093.0936029699,1506095.0179268515,676895.1624218071,600025.6740491091,462316.8425004272,365704.9738358547,108956.62535736336,99986.02992746087,1911305.626773453,251319.29220811813,314575.4455585981,162427.1032644665,333409.368981573,205994.70290935843,429318.1698248993,363673.06363271055,1024306.3052196841,335133.3872551775,567047.1904826678,376885.8618979379,478791.98440155626,698315.8118044529,58329.11116929699,179061.5068136512,1561228.6606479727,186745.12837334044,396906.08064114506,1277242.7403470615,309667.64883958583,209892.59619491675,497957.4921076778,407958.20623997797,58541.13757576888,176421.6738041163,522777.542678422,503082.01638645446,602360.4585123622,906963.8035962003,388978.7217498624,441396.74289281364,265029.206848701,608919.6187369884,282202.4053994533,2368397.130101574,340992.1972339166,227517.91685279968,145939.67051297054,256628.80242755738,478387.9921431098,344412.6700684507,746758.8603252488,439560.06897716335,244856.9683937599,252771.11639722774,877044.3032936794,1096826.6780861714,706460.1580558341,271915.8776692559,494516.9511952989,276560.7500830834,250367.7792693171,441626.6815022802,520525.77337030723,469420.4182380968,105122.28862495882,326951.08563001803,206805.2889032564,406015.0937684939,703608.9571971097,229550.13759085574,905382.4794701738,217509.99899537145,505005.1790235469,1001698.9787166115,633107.7922616734,234698.6650656869,476104.4784201635,810800.191040933,61756.70709607571,2646525.687492552,233100.89995126007,270459.1580883807,67241.09185158783,925015.3624245322,504605.9317210315,987141.8996887333,538629.192989156,928619.3092422355,440471.01111093076,260818.94712234943,363531.6708323009,428777.36173976073,1051020.0420722559,210500.97648661025,337723.0266333072,404101.7338198285,446634.6608721705,340145.4986561429,531914.3265052746,626758.8219808241,267380.43484682846,582795.5158040636,529075.6482492639,498269.39214983763,1322974.07318087,909883.7455825922,220457.12057548965,298202.88090271724,1375025.7416616918,954002.103343456,595365.3242822498,301660.32711184095,474195.0378017946,757350.7456668295,615153.7954368155,140021.39042118657,1155561.0263545206,517418.52837375755,248553.47564343573,432306.7835131522,197596.96784848988,138679.41480609035,446259.5908475062,511352.76078732446,428139.9013658439,264205.7141469086,358657.9002218326,637801.1016263334,589562.9389515753,251225.48481870673,1049453.6053888353,427243.28341883747,178724.67075777068,654627.1787653789,80031.44957589888,201689.4750406306,1150922.5177019609,289319.1550233522,2788661.8915069755,322760.61137320334,343306.7276537123,433977.027791256,536660.602227374,631722.8651509185,493467.93121010554,95986.43320778749,183456.0521960451,666065.0925204685,225759.0303521321,533264.2378898131,405027.8311123511,539012.7833393402,341392.2861880718,354292.525166841,209789.53777032177,200091.05294449066,142026.81116142476,445509.59925635555,743032.9094862257,572728.1635659043,418662.8034406189,270099.20804465254,602984.09314034,634253.3086828007,179214.5555000864,258109.94206672063,149755.94922476215,345175.2354140312,686711.8671160669,359266.755274684,849648.0097939613,327678.740324191,534671.2750548092,660952.7541406078,820424.9612345078,1014191.9138754797,395341.78200212645,1008309.2374419755,356728.9273173455,296712.7306123213,180586.0948670286,1367446.6190825254,316892.6949058887,328861.503259549,199042.19310319526,468387.25992700586,611710.9486525,1333934.222712746,119990.1736042792,148231.02921943282,409545.92774893146,195973.66669064286,1897321.6105442261,296138.64851276524,319268.1408743577,603149.3051645773,720196.2079898001,1074678.9277682314,376900.64269927016,608611.9096576049,181299.5667486693,714742.9092251596,422864.2690139756,1165468.2210231957,465301.99567802233,285286.69346756185,791830.8443048218,216983.3535983305,1547135.131771495,576222.066984503,394586.43311371875,935663.600441156,274590.4928800287,135055.79976479555,505800.1532335673,294839.8345184158,472111.1827051256,230106.21619354113,101749.18040161941,599709.9498422424,689760.0340839099,297302.7348099652,143517.2393336028,1029170.660866721,351319.7025605586,331768.4649274072,734400.8677952249,464737.19112572493,204054.07413403233,367515.8392876146,1755140.6554396066,1523515.4285827754,715369.4235631607,1426609.555469651,142193.8065091685,427837.6618840362,854446.7022192031,1228046.7099884446,390721.4223654577,297836.34451832616,212199.56038210553,242195.60843702318,702059.4855608754,923881.387436378,473573.98920067755,215084.5453273009,339598.4940481373,1158155.310426944,204556.89085435247,372188.7185512181,185134.41040561858,575237.0163918289,404883.5263136931,1497228.9405538384,971436.2867369942,337016.94676534954,685768.1736041511,261826.12398582752,531138.8984312543,221935.70987660263,642551.6092161883,180324.85782046255,686897.8048703969,642254.8855122172,1034668.3583143887,328868.11788847786,322456.8991582173,655220.4412128878,282704.50793593714,118560.09212904486,279048.8280753218,904124.2202809264,382986.3002483569,114994.11747027078,1052026.8948777248,283613.6070930704,168368.02756777534,232561.6536606919,309121.1870084658,158044.70477735225,531523.459353778,456971.0518731063,1327571.1297431518,327201.6888996811,180628.51865036946,675616.2878640073,165795.9110827293,1940211.6726754305,186782.10468972154,419014.26839878695,84423.124886661,425681.71563849394,430751.12141216616,163462.2408831797,1143731.1957459045,204290.52932907088,71254.93294053843,562215.3474489596,618844.1492972422,519153.2321419897,1143584.3424631984,377819.8630726841,113884.65730825227,1834161.2237405092,129508.56076711779,400668.0823299476,164296.53630653743,198639.9749106488,491980.9758845701,181629.16736597085,302722.69983938104,959493.0305491114,524283.98977774207,715367.5262038258,681474.4044661674,927954.1626590665,493581.9852382881,698490.2531501226,180788.17825220904,192612.33867850597,327902.7867067818,150698.7251016911,498853.3163724938,311716.60231457435,282796.1446228856,405381.07790975744,449401.01688739675,780980.9845800811,223286.6526571383,188193.2865482677,2220166.0625946326,1641196.1488912343,1041094.5885532278,194909.82255165902,368718.4622787615,583055.6426544371,661219.395543653,157278.83498011608,51431.66015513035,1479560.4999614556,1091469.5397568159,232474.68013318573,116352.18419641418,870808.2652429575,1151380.9477699806,896095.3721160397,147895.92485828104,599347.6212579927,1702496.5150016805,426632.50858786725,189569.79706536166,882590.0301226608,249246.20984812605,185660.22221036095,329757.3019385623,252489.65125605214,382393.09839287994,494263.20965778077,416730.15601376514,255386.0749111326,656450.3076742241,212676.19739650522,384091.3480306006,1189131.2288600088,1233202.1924704716,494088.05831254186,1178170.5130358825,492390.9958544531,272347.45283438306,380408.2698793609,86023.56886325429,719556.823730115,790186.0439042973,1433190.6360846844,383337.93181414745,407111.4771323811,465643.06421889167,491097.3914107488,837368.944038482,563830.7704392105,485206.59049586963,133606.7115371947,640664.994923701,448600.1717313356,772573.3991929508,840356.0679965393,1149724.118061049,592062.0043788402,854374.0689583723,633094.468273434,695741.8428871969,718628.2699108338,906746.7274494705,411560.54833940906,781577.4920067574,834242.4713289173,494334.6093501596,649807.2946180347,1944347.3181438204,548432.9910269663,2425805.5421931334,566596.8330749306,283930.3068912689,302935.98733900225,261448.02345766747,520824.0349309022,360519.7933100465,80256.89496657583,248098.4555310259,551833.912501147,408628.38772846427,296102.644881213,614318.1993669113,497275.4049937375,285838.4758734107,839626.2693166606,63834.27372806835,421694.65326660534,1119947.1965413864,412388.9866817922,383676.64874604315,826595.9276940122,242787.14372919445,553251.7496444018,584803.0207882002,1025804.7287120441,635367.2553751057,263457.51183090603,74133.15272905723,305111.4503138851,1800421.5659914117,390429.7234362928,824597.208374784,246604.8915508253,247157.5174420867,802818.5159178564,532174.7198314652,370768.26375346293,381880.7970089758,283679.10008412757,695157.1384442266,282410.06287561613,494005.7138289314,330258.223524256,437789.4162935801,308846.50923248456,999867.3263632494,865170.2927098799,1108726.8558130632,165566.8190890018,389704.48052568786,513753.4230993467,246362.56430319423,677575.8827848304,229888.23679341105,796918.0065663082,654548.9007772973,344413.5869311865,257634.0914274108,129847.10251756347,276148.00646023225,132700.66015664962,440730.04722727323,348388.2282513825,486519.11780371843,525353.1810253697,169456.97004986057,459832.50263188547,1044941.3944593414,306101.30297684955,914902.3430309033,635048.6435732136,137046.44664566335,450125.41382726067,1149501.6740805209,494346.2086736362,331914.0102117463,1270015.6902357417,782794.2196601969,419544.61928494857,430564.0066686823,536839.7648747148,115061.64210572926,338242.8520604888,855392.5119224484,162209.37670242606,652562.3016302305,203856.95131615287,339571.3015524342,980338.5984235324,614554.1487069833,1055515.1694168022,884480.3402219275,682596.0863638293,324466.21955848805,176818.66374098032,450813.85354369617,1648327.9270867205,786910.2096115464,220383.422593637,259914.85744895818,580829.8025356535,134853.75058337228,356592.1034205443,669293.2301087268,225100.62558795037,544453.8596747048,332378.4411208683,889106.5907063956,959570.6254500059,308722.60702943656,360240.0780324946,1494964.306169484,426823.82622221013,219970.67955107742,709563.4800504828,193382.84929354876,281411.701019102,487649.8573430289,255389.42933607203,1016162.3789926658,279807.37707383215,864655.286181673,206181.59803603915,114111.13684703798,71643.60954740358,832300.1890881637,322660.32786297787,313672.42103677994,214372.33663891794,105627.98363889067,520566.9248595515,255364.62235799042,121242.0041770619,107795.5270015912,344458.1342382674,910818.2641441495,1062803.4755111653,699230.1296019552,354756.96643872326,391453.0080471849,221036.59576850152,215295.78067640573,341921.3289544344,132218.78417923077,284162.30521302583,819214.6253644644,213033.76669903297,609972.6832046447,167670.866962993,410697.3232700476,684075.9689907184,834062.6934042216,279454.77431308996,419650.22073887486,93191.00260289708,688714.6016439574,342636.6452671793,1220306.7810734366,351019.568453155,299216.15559772233,256342.3966653284,350275.54082599125,314354.46281784005,206746.4396135637,1763582.2278920521,136773.4917585195,582033.9497743802,186878.1459341168,1183104.2540203151,181690.35127445406,183815.1418767735,455764.3158748744,681513.3846183255,376739.89269082586,672302.3314652764,649041.7318544829,310351.3882508291,78021.16868692782,367505.2450134183,600454.6786970332,427833.97625803854,765773.2449434435,152571.20218571238,140729.3941369997,148654.46649362368,919310.866633369,470787.062078839,166531.1187040787,151716.07887213078,736614.530382561,474462.2432502577,179192.78045345383,405089.007372541,279375.66642427485,507133.4492184092,192891.21239895598,417128.5767194963,312669.04658621695,492488.9470757365,335785.3312840847,436443.6268651631,282238.8677222059,1092590.1119627503,475722.12753630173,209005.55277961027,285849.7606691446,743420.5410279939,375555.08495631116,207673.8340119515,361793.3793829179,114913.55157747479,351841.966399351,444050.87984124286,715042.9674259055,203292.50372827,907187.5793214536,1088705.010410522,737931.6955425608,899529.083644838,321347.24944650737,352822.8485288957,272900.0289181093,399992.9403412735,331450.53727824095,245089.3209953943,916770.3684346578,761068.4262307393,610125.9642854766,76253.06340243593,253558.80201443098,877735.7490521718,781763.5250368706,268433.77749386197,246325.07561226428,402890.9540661577,381503.6905331627,311233.292721413,229404.85596792927,300748.8646503042,480293.672365152,1221245.803893288,284590.13937937433,700983.2334257883,299773.3268845744,808121.5966893506,188657.3466300397,419031.6477798943,568567.0281610374,407183.680420518,436758.6574912838,418753.4712774959,872708.1273813819,444651.085090027,266644.3956653057,538021.8947021647,460995.5197423393,1026354.7711151339,197675.98029383196,241690.70614207527,444787.7142632631,301788.85624812794,362968.8349288536,1308743.2284182888,363419.6612579426,1032445.1484229692,726305.5607173244,373607.98818113335,391533.06387198257,830280.8128294369,185839.78694067273,685248.8040887751,299999.0573918124,186835.04039508817,781577.0375960662,427381.74445813394,117390.98219321623,420052.035661466,580490.3081020894,383382.9252838972,151765.47785652278,1379566.226229341,607076.0873996535,311321.74165535974,384537.14536636753,192685.60228861368,655794.3610852007,132272.6916431977,696521.7795002159,730873.9309445039,1148369.215826396,614338.2131627274,1215704.4093681045,380809.7270152618,438601.3369784023,824963.2163926571,164065.7123003268,377449.1101188841,1268571.192436493,201259.59567256662,642977.9281744263,418160.8056122219,300706.7853952078,326269.6648924481,415377.07123681536,219009.10019904215,170014.97718075372,242499.6378068553,210793.94011713646,229359.89630100224,185583.70224356154,858655.5530807908,575954.4292553196,185326.73624236393,419846.65164368047,234219.87559529417,525479.4755460826,237634.57279269255,810545.013654989,321856.5822134697,191399.0806935121,1068587.6787731166,635457.0851045499,494235.2320055886,525905.2105581146,362052.7168918966,310473.4593466236,74430.14650841783,182877.00949706146,298658.07804103586,641185.0502870424,188787.22710306902,303861.9370834431,872367.2344728832,373460.66776729113,784610.1152495572,274875.90090431925,720501.5472883924,982256.8898578862,332807.6254431178,848105.2504726122,230454.52282398683,640099.1692151288,955768.2010843563,667915.2513397731,143501.22638848654,439201.39099591435,536753.9583414381,625050.8879070103,273535.0676704468,499323.39660896175,1029272.0478415121,107332.9151752175,385526.8318960835,203191.37864186245,210878.12570633212,218739.38847483476,381359.9056808769,309590.84761382046,614416.8805896833,402689.78324425896,298921.73474224115,229501.3960006159,1051256.1665939295,927365.9930046138,260984.08792797115,550647.5351698851,187957.47255818528,1384372.4990962322,390966.93830744963,889485.2377820684,415665.7752528153,282387.9662374737,607025.1328111723,756300.9694010449,130785.4707254007,689245.286156706,411975.5439493121,149975.92736873042,431279.35340032325,191390.48297374064,803337.4711297746,279571.9147346067,676840.2964174707,778097.9052298114,388448.1573364535,272029.1458220435,654798.0771254725,224515.73049306608,231741.9574432618,601122.1904016889,275717.33063873684,504345.6043336712,188446.6360526166,136864.18439748997,729113.471646707,128539.61367446162,268399.5346853358,1166063.5075022469,721158.0812573339,280507.0291325833,1019891.3814730493,1014779.1451216724,336915.9317977649,440323.0002709796,1535701.9432775772,279035.8284792267,687172.5663353454,521961.94852175674,507297.8382905956,263746.6320328353,200317.77457740583,3292400.655987083,246328.32626364706,212779.60102930287,1618592.5190585037,136146.03362489105,603035.329046787,610973.2220556313,292158.8184954756,228262.31002464084,62259.568390235545,399524.0996744522,411964.0857252777,312926.1157982922,584428.3936188185,152169.02560950327,576138.7460643604,260342.81230847517,501140.20898550743,1654906.6230867715,235011.3067896138,221960.55412199566,1160143.324844456,376714.2665892634,664188.2895295547,1755693.2499139104,292456.4261145052,328037.9603305009,755915.0577129746,524358.5331437693,792146.3052916458,131665.18334237847,290209.8471827649,245967.5777562573,544574.2275301828,398722.4082819572,136384.09299329366,221237.4249837503,891123.4782326957,607377.2029949329,2851249.495201619,803160.1621461754,260565.7029451294,675076.9652489875,260886.8223690959,178135.20037004907,299825.15398626897,859690.0014668735,468139.0519781799,479998.7266181179,253291.10122642567,261618.85928248914,319702.5158655626,88827.32251836156,576153.5791045994,574370.2489749959,2440922.3472659797,471141.7032205128,656581.7091540606,856435.6054218985,485882.0078061999,75164.78792463534,485380.4312760543,288192.16472199163,606126.1591155274,612218.3665346703,1092705.134732605,283382.5807323145,386448.95343865704,434818.95389432274,158121.34166276938,192049.18771646573,187804.5907543431,665616.0782955593,71167.2177188217,650709.2115063473,504545.39028442814,705661.2113797802,515159.23176322127,370290.03396153904,464532.33573563315,974006.0492618227,368275.9867712411,733248.5648491215,369877.2924159061
207559,1100216.8633217087,575321.7748624454,1199444.1372328263,178187.15073888068,262721.5880189939,552884.3665823198,520149.5066132622,337902.1024719535,285944.5975615995,188753.79814194512,311631.70818860736,168262.7637264214,1780593.3690641816,191886.28777103138,337485.6487088553,472845.49962547893,434761.27002921846,901818.1194488535,549046.2200302952,307711.824839908,387073.4219837994,172464.86236507157,182142.3559772511,181479.61537856472,111566.09972693166,551935.8711062361,479380.233341811,429114.1598067048,711363.214522234,904779.2541158769,348086.4668025211,217296.86923476125,1355904.8366730895,356904.9713083972,2070117.0486588588,167368.3647125616,582132.3655424048,200378.253424183,507206.1761542108,465320.8748258435,504624.93472369364,169934.22596034314,188776.31351632727,207352.73642736842,417183.0209262609,665040.9484233303,102214.99469823188,339364.4330537165,286957.96446851286,320571.7894817766,1200778.3226767506,337431.82806826656,929558.6676444804,269361.62224369444,261214.70367316445,286638.9082626488,913671.6785996925,104622.37232336955,680900.1653600328,419844.4716495078,586885.5270800127,513980.38207809534,316766.53695156425,1938365.0650909285,534429.0913998621,884170.3599970831,65611.89625516589,1003018.823830529,533907.3221103492,1244160.8618066446,723323.2485561908,693799.1509228036,299607.3553395825,333703.9668860025,514473.3335329407,1605362.8967965532,214853.5514934743,1006317.1110278803,581599.8887007677,554044.9322674434,388768.5523799263,290035.12959510874,221504.26055028068,438536.2032390681,822278.5791800111,768912.1873923008,1214500.5878780137,916655.5081869725,603889.6763948497,1313956.2763427545,121883.87639060318,247181.4322127339,586494.3476937698,610013.4687635067,421466.80849623616,521833.4556748179,1306986.4200066447,471212.4047426228,229362.36608796936,562390.6411011361,553639.5654285158,426773.836859135,132085.95204560648,726354.4078085631,164763.68952883416,429692.6401509176,324380.80705017457,331457.6620330807,618662.0073608708,352980.555322456,996466.1888328122,280594.20462423266,673575.4247310561,804782.0510346846,151361.54656438055,215760.30407086317,722295.7497877425,1010843.6408024388,480983.0321756379,889464.8897375269,397495.2159616806,288146.3191538187,229762.5142529596,152781.25579175176,815298.8542283286,482663.86972908746,391586.14339697757,362324.5550105139,453646.6087670194,127900.41364377044,504952.2322245116,220323.86883148493,143507.6155147406,367766.7617295364,226232.93901272205,151258.23501559006,848763.2284459382,500969.4097110859,150029.2239150476,888359.7755019033,1076899.3099856346,603765.5814809969,447973.8433063485,1191060.4294065675,246450.91751411205,1131231.1117093968,1003654.934482406,400251.78854766506,276855.447975074,580934.1967889046,279893.9852983844,58457.34971404435,929504.0951318198,198970.84724584292,500588.545569802,353266.55726129335,404019.2234682932,293579.5418286836,229340.1605994823,938736.319694366,937877.9848724647,308762.53153652395,381566.4616353087,526587.286568128,426470.84794764506,611210.5368981281,867370.8640848795,688705.2460099839,1295954.4855573603,367375.2615311893,574657.1326107661,277831.20683537296,461793.96073559986,475947.7739654321,499308.9475846159,198916.00297706027,398549.3951302139,328849.9361784713,753735.2948662281,665229.9810300858,364728.46144827537,729521.2422492368,458361.2850178719,1074769.7656144442,1024083.6100293816,218229.39960899472,242491.0643217257,180081.4085782793,624420.141524048,480363.01309574174,246362.33457976615,211529.5604011294,592833.4260376194,2036552.0942024898,459547.32247175527,330452.51762706396,354955.6373213534,134763.6582118505,281657.046773509,499373.1074004936,350279.44662029465,230247.41420592437,285335.21012891573,227234.7081958266,205076.0053915246,212428.70281908932,122902.3911053443,406240.90949378465,83306.8451946959,395438.83649300743,292569.467017017,874806.1820505192,407717.34573862195,358665.22241339757,848536.2224587873,468887.5044580236,341724.81558592373,421675.9444240353,107588.20844378464,206640.57007089455,234222.36885204833,155695.33743398645,467742.4464931393,324438.2463289066,233262.7353932194,1958649.5618449699,456380.51815488824,570113.2621576276,339783.74050762865,83934.26332592893,200534.9818562935,653894.4732565343,727766.7296704521,80751.46150479058,242312.26365598946,987455.7548362947,298401.88030377077,319596.4754140442,682328.3167608079,494542.0732847491,623834.6819949087,57453.501870093736,102558.16721290369,911090.5761646834,531493.8471785055,539773.4961649027,145806.99858450916,168228.08617137672,760116.7338231246,255486.01019413868,859277.4676035197,193324.2828084435,152422.04550145395,273736.76741881866,630977.8841398169,191439.5949805945,203740.69777986853,121376.45618033626,618323.2455074075,113757.86495898521,1158936.0188520341,442576.3564180132,332362.1730184662,135628.95575586378,350409.78733184375,345236.1945886253,391193.18510201416,571711.8286572389,389505.17858125304,701255.4367605415,1922973.4926406664,219733.0953758794,128651.05982835026,275828.13901008805,816891.617151504,795498.5149493706,1180064.2730637752,828785.9989097576,377528.8882632883,644344.8730874681,473914.86299024156,138666.47913773122,1111778.2055473074,185668.23363077684,69926.42616123622,1005630.9195993753,714732.4242718639,471673.0099772873,927761.9528308264,625703.2876390584,326148.62827940664,535761.3467482178,903842.1678677313,398307.75299326127,340059.19366517727,1489516.9989481382,123770.665670318,163985.15461290168,299545.9141684703,5193257.181463301,232342.7356630179,781631.44867314375,426184.54004964785,1039006.9985129517,418666.519122176,218335.57497571822,233086.1049660391,788247.6431446399,369046.4187766429,1245146.4114331128,382661.4984064343,767281.8461061373,321004.0985848558,1414621.6778454497,405765.58322000154,183810.4859472045,281540.86251046415,238951.0769044845,292536.0812023634,332229.83029938175,1530186.4335874154,1916537.148126002,263788.7660836194,423149.0752432798,310039.1359769811,543665.6605398398,295425.29999688035,268476.3812212487,339063.6251420076,328534.26075449894,244452.01279956382,528879.0649776418,289171.5880447758,232163.8354959195,802969.09935063,577942.3741281606,186362.4009292407,2112543.5205602907,748446.0354661838,738841.0397881202,585230.8466351501,983272.8142894983,461444.04517039156,1606353.5647051306,302180.043397787,285889.74205089273,168833.9878054101,660030.6085467079,489488.2048363518,2458340.0020716707,310736.7881079721,336735.4028625856,798763.6748776742,936314.0340810473,443717.22033456026,640569.2320434445,467482.5522960325,646592.944239993,875420.5992655595,394374.2516809845,441135.0265162501,426245.07639649103,479883.064239569,703922.2169035804,240069.60692715493,2020544.906530269,559107.24551184,1050270.1774509458,939242.4853052861,671361.1067871621,518026.2373956465,221426.7107022803,498777.54058325576,476724.78528914234,593071.9778200537,418477.42567813804,158578.06501021885,346333.4452391563,297064.9632404779,2400129.0652740407,606528.871662574,381890.14239151555,463650.5161496847,334973.01454098057,702728.794128584,517712.3452974161,560381.12651139,828558.7908397493,785830.9763083598,294338.8089236784,418177.963126643,264253.330731074,963241.3282096486,144444.2529080703,304547.7999890132,1396611.377660043,568504.257862054,301886.5220426269,690513.5119444826,301336.714505685,384654.0211016933,686458.5595777594,748129.9839753327,165471.0284089029,129116.69277366507,475784.54674026405,1067618.6848661485,136414.17377429403,541784.749055045,606337.1743241686,1340273.3738468655,329535.9559671966,545860.9813139432,322187.7401458829,327964.1078775294,823349.7703687407,351790.1423079431,543851.1934473073,289859.97545281856,1290173.9357448043,390835.2685574408,603031.516139959,236694.31248552416,732734.142460656,1151833.213861311,637945.0169693581,646553.8493764045,335558.3347482474,470045.3217936712,652410.6491422498,585897.2684864303,695663.420744775,445713.02003604564,108984.47983740047,540079.3347516312,1122379.0438213635,501533.4295739221,717725.5102094163,610084.6827935468,1881068.2830689882,1198302.4258906608,220592.84769037773,221847.86598254438,235715.17699612599,587096.6608803306,160417.65364016994,350118.8977685088,226961.89473606893,502414.2306363153,800580.7348863382,500062.2097204318,375108.7761747524,1367592.1537973804,654668.5122116683,139064.1678874116,399891.1043658277,457244.95474050124,264642.75693122775,706927.1177977343,479995.108931282,1408585.4732958404,398154.8236469085,612113.5881525676,621907.4591675522,422014.0797511492,385236.2493496254,457850.0078496583,170490.35051776213,402625.0555490384,187571.2834398609,787551.8337070389,642531.3847711443,289920.3406100808,254743.091406307,585371.6300812064,241094.52128278863,1379497.6901116667,1395329.763018188,224917.29466215015,317437.48856526177,491176.5883499283,830262.5224776142,537434.2650090067,155698.4918955583,1451830.3904031976,147048.16638529056,2224718.7027864167,218206.13876737896,496157.90885724593,853452.0995850723,412281.066794174,398409.7065830161,961982.737792066,159789.87219663977,353194.2590771625,558593.375105828,53278.482582235556,170701.16262255734,1706186.2728753928,612577.0490477195,645723.1301049015,392713.4971992079,157411.94862191845,762434.8083393108,427521.71807348845,986915.2171458324,1920892.286317216,1369592.1637517181,202873.669045788,542839.3387421279,655093.7853885567,2648801.448894362,550346.6647256009,836789.9374238333,423666.493768892,223593.01095339202,672758.6178781852,263101.3754052979,1449970.7216336182,277183.74565522774,289688.32974966633,931063.4345168176,300581.00885671,211843.54304432494,212477.06048765595,248162.00898011075,274625.88095593854,877816.1402715609,75187.78979025774,303476.69752762286,606112.6746522317,214036.14182710482,311450.017213895,331388.1470491412,2790822.971552206,335510.5186742059,204081.74638422977,236157.41823699506,260143.5234235247,420164.71179651964,827696.5235325086,145844.66006071458,442526.09172317974,846823.9878886138,379387.8072649499,440466.73873109533,963664.3628428705,322507.3656544985,484908.23416755977,170494.72737845482,433631.23912200244,429677.8632090474,386786.4505612671,259660.7428779428,497934.70527411497,1007963.3569693252,286823.64497249067,186282.8828522931,230887.43610748928,889848.571600733,782085.7667825385,507803.83417328546,538535.6428119168,820131.3599894936,428041.1443729694,696187.9324588577,696930.3165409387,523260.80430274794,245695.22155963167,225202.36531745573,122654.78020316608,507395.43089878163,829973.8033338563,732322.211778275,797816.820746169,511164.8308619095,166813.65419452073,113519.99414826033,159143.67861724956,589632.5286286908,1864582.1158910347,368765.07447038527,375900.66723552253,983297.9848250624,427300.8239335746,195938.63296801696,227026.75920973235,198034.47899617866,353053.02237841504,736283.656077486,398307.96951981785,1360460.1384804966,670561.4325319781,429998.17727327836,209083.4947771107,212792.12527064796,1791046.6066885656,1035683.6927745404,1216887.3538728138,2156374.673495123,481880.9236568556,187954.96035650518,478420.2504753883,398134.9231318141,914621.7670276896,848107.6647867786,616352.3097721549,213719.4384114871,1069691.200343471,665278.3391310734,140367.4657483105,1199604.0062025492,275717.7325689543,270846.8182118185,261054.67889962686,501135.595595694,763982.7513843182,578471.6011539184,978400.4020676462,585898.4504719855,259445.83287699203,994289.3933541931,498324.0095965012,155400.14771102538,842285.299108829,195367.7161554893,1240338.6322690493,931520.0802992677,612953.79513445,359763.3340505439,828560.4443510878,999988.6410451786,1134564.8957218383,880921.3043005676,202784.13122056602,373597.9226469934,2182878.5604395117,384928.89170862635,304550.74873900687,384998.15202099946,414613.0760794097,574520.9940238066,734020.5999928323,184247.95255882866,1400676.4691454067,493625.03229217726,322275.69021388463,1155813.8604897307,212931.48230660506,1156177.8312270215,484315.56390955194,533827.3284898351,408543.988331971,419647.6265537593,394324.9179919086,859517.9885375262,268459.75968792633,445313.3784659142,475310.7780704411,108557.24680023258,473523.62027675303,432617.02262470813,96749.48919718328,229189.55711135906,117886.25094574239,690035.1824552933,1118780.5084050884,253622.88090758777,257592.8546602717,324015.4616581897,141849.58897421576,1155448.2119416783,1284081.53850918,193313.8003743839,142921.1211069886,263440.4331546382,385246.19429960893,392091.30597363226,112200.26386158155,387149.87610538,234170.12460432822,141575.50265218297,598604.9238042495,91043.44953815061,996403.0116998007,839347.2550038556,388082.5593506795,583368.1050148824,248225.71665720065,385915.634416538,499210.2592236751,479684.7636459798,250919.8914895378,323845.2491316115,410968.9577776329,297527.1052154407,721550.5714040945,401198.0773736604,703318.1597730492,270979.2777908401,343033.48641924455,172356.14575569428,307359.057439895,212139.75089285543,1223942.7838103736,420990.1192460446,243817.61544215528,465936.8442147894,300912.5716054122,596427.8405771387,422215.5543592151,363782.1507483194,274503.3189291037,2717240.782836819,420495.8076875034,377557.25140999985,485815.87390228437,268809.7501825676,472776.0189309857,308339.8260241254,173678.50170764106,195968.94078360734,370058.51868777495,229533.36781851042,1077574.833122034,462560.1362280396,597877.9116837634,249056.51258340036,772849.9495700762,406234.2606304145,445727.96949119563,209512.19187143585,169631.93668328502,119409.2847047423,151172.82054207425,385027.17185605835,1407778.2809488568,128825.13318891762,1347659.7053339698,384371.71101715567,384312.09590413043,113781.04835284947,416124.9324326367,343247.32383502374,1104402.6112496126,159786.02964790547,612785.0739503698,1053394.3435327662,241580.8600094785,743625.3524927305,361223.1414179124,519654.1595716892,432112.383353543,319250.80641896615,248836.07405152722,255767.17205433725,1782374.1271401474,1427124.9927490775,492159.7132410268,718831.9263987005,417620.30234640447,172716.10490329596,550044.9950627213,218915.95029848043,587343.0220780722,312275.2483141356,209960.1026509546,1232303.2570161535,135856.52308440395,178518.26149509576,204383.90799445607,378386.8551581172,136568.65298157372,490987.1776427298,201193.8562809771,237515.1385388007,401385.8969435004,273853.4424340134,255636.18509041495,742546.8442055758,482235.4500725598,1462520.3805061243,688540.4821371447,233327.66027610016,1609164.846543623,408333.61456533294,309789.36998697097,103904.9786315386,1678313.5245190829,328930.6349340894,267750.55563192663,325352.9380331194,596957.0615183533,586001.7541091391,304207.24404884607,292021.1855746601,431764.88466724014,275279.3703599962,316034.3298291089,1221421.7531183353,537136.3513517646,419768.08967250795,596284.3741663756,327813.0847056848,162326.1509284251,778133.5235629058,74677.16377597228,470372.70385032654,765605.8794284664,480814.95901123615,59901.27997629989,245503.93565397392,247570.82529816398,468173.9214157913,1447965.5372741697,729615.6539705974,193495.7389538642,180188.76700216447,487306.97336371674,180065.80922977452,189513.32209847227,454538.5757456241,452006.53591524815,581883.0552681683,1054765.2767845627,558966.198259463,872551.261280094,546981.8514712638,1019972.9379561205,228865.17331703272,322425.7968384455,202633.76141739753,318668.0230748237,225151.13802137403,433617.73755082197,336270.09427295974,506288.7775596067,246665.29631503116,156016.7645675191,396054.97164566536,322256.3884042592,528423.9969028932,1255394.3957337723,323652.334997613,211937.59443137742,558209.0399031169,436607.53807263944,321017.70178948843,377254.48514733446,570061.7874684869,635122.5051019882,271095.7384935461,423465.1452327297,831292.8383221786,337072.4049163178,62516.69560717499,737781.784735861,1083042.7904310892,788576.9574888024,1140466.894190178,162008.67531712478,104601.25599897339,331141.1112421289,260157.871330284,584760.2840138397,771177.724733514,547790.5056178739,692360.8702893599,356124.90921579173,234729.7985066268,135623.16153139732,492693.32331266877,579962.0355881149,201153.35909334806,322622.3216038133,212626.82561679685,1463871.7780640502,153517.45876985075,955037.9441569773,227390.38875475808,306684.05268483906,138061.96652542095,742610.4116784036,205621.19789263568,414048.6565596463,233673.60292038126,177209.72458382347,627150.1966282643,97000.94437553255,411245.25592344056,382073.1269435607,174609.78396841377,322607.8829674369,182315.60017794263,537900.4871947409,708898.4340360806,249414.17099434027,629022.5136805072,404973.5217320322,244827.18401093796,212083.8914834165,2580792.7699701474,166480.1669735171,970006.2029882394,789744.7282870786,568971.7655428963,684431.5154765737,577823.7745404595,131119.02765639249,403712.96450803574,340844.88175792777,627585.9683721691,591011.1744283555,185387.85617417668,777768.5486971571,433356.54009548505,1000682.818711681,212384.69191329266,376939.4891287418,330483.4969095344,201020.03066273333,155397.75876138647,1785382.4119909722,751090.2268374737,344086.1021748398,131636.48021333074,325644.17438825214,255561.51648494607,293530.2977708868,949965.2566831085,310535.7942538304,587934.4647510902,761330.9681984293,309634.2487337943,697741.6764256374,334538.3837843903,318051.36614523723,105495.59523116944,1251986.537468387,271099.2768379441,511024.42957448284,1407658.3131882881,521651.9679638967,230232.65161168168,1714813.8409639986,220678.47588403328,486321.71464712144,419658.83321924164,1099940.3609532407,243363.80852666678,381169.2277431292,392187.1810484365,420381.8878910713,470661.7038768664,452597.4569461593,147340.84180002005,441740.6531395637,517715.1410604092,1696352.4612296205,626975.4766703723,142696.75801814464,606248.6207743352,540132.44116166,278819.3979676997,904658.1943595515,433989.56565264787,301154.2153640336,1010494.2173906988,663463.0297767611,216342.49484286195,303193.1307611779,856015.2034335713,399584.7714306475,519230.0219801939,695774.8999573526,339618.66529167444,561837.435593008,336634.20851757075,616305.9965224848,384518.6207102739,539856.070321097,316135.1156746854,1321842.7949452298,250348.3304220589,578191.8681027625,277176.1495982659,880642.7399355898,809735.4630025441,273196.6195122147,329889.3265787024,868022.7634736822,1315427.875502859,263543.2025576206,412916.1038935959,1256252.3006728159,221174.25525303298,408393.4037903654,233475.9524675861,766249.8966434402,431120.06064444495
366838,163866.81408829763,475433.284806926,211176.95131061354,209584.55339691447,413644.6288708281,123041.53152462111,149291.72913656617,641827.6838952244,235725.28159929335,629811.1443250922,376591.6524972332,509748.67848334374,214970.67107790764,856342.2085913022,162098.82164755755,882212.0346608729,221354.4983497936,417763.1419347896,193463.45286019245,473877.1499041621,209337.32968911235,428920.53110471193,255083.10399636038,747377.653889049,705881.7364259973,670195.832349129,93542.86656960117,463959.52237257647,283922.6726721826,524467.2706826798,607589.2106414075,440752.55673487124,976657.6555948608,711765.0549323299,755261.2024582264,345297.1030423411,323679.29249611794,526682.9199283686,219514.22993728012,357104.18814972346,224386.48129092646,358743.4000655255,292879.4632542122,738080.9459333946,457018.5787815812,567112.0688895793,368847.07019758335,202754.54281016326,477633.08625137183,425536.11575471447,779968.9611763309,179126.14264289974,521219.51912630955,797751.4242011093,276417.36991367023,966629.4351393786,191313.56262851052,625350.1194211117,232197.336510887,1267928.0299329269,609393.8635739874,288488.5009547874,349702.21989890037,1390121.7894973408,706669.9902766385,906162.3221981063,982257.8825869658,153126.6031746414,424262.751656159,698271.6967529521,452485.5707220674,559665.0168170381,889072.9369696304,960912.6862420329,222708.67397870295,2166594.1811103732,321472.9377915,327242.9327209183,530545.323608998,1370951.9686129042,233902.4126051554,872153.6761207476,317747.2915658647,1622926.0383049492,370222.27756385284,446152.94321397913,152351.77354701885,511035.43277373957,425535.48131760047,883734.6997833331,1023025.3094694173,449475.4177725477,1676192.622530619,947646.9937540517,326314.32661337423,1375728.1769851567,865766.018834786,482076.90639963053,721636.6144841245,308349.8527919703,230789.27119088234,502553.9500712284,546902.0699065791,751546.3085183757,994022.8618349584,245151.14916532525,327044.04101172683,668127.8779656597,187937.73509115202,154285.95027547525,319733.8862724033,119133.56480290212,516955.5543908041,197175.00202357984,571425.0713098816,347662.87519766495,215953.31991360977,464102.02451152506,330323.52769084054,392019.81833887834,457778.16134556785,345005.15772032866,626833.9540557694,187164.53476032458,233213.59149619334,608336.8238470242,150644.636952785,366394.9328417119,277433.96249281894,1048177.2809619951,231123.10905450527,334295.7855699326,162857.6583918826,454237.9973075737,284593.65692128614,1589787.1216495554,200709.7669698497,137578.0972965096,323538.19679319125,234720.4587456587,752031.9190857245,1826394.4283804065,798103.1288366966,173457.98102054535,198153.47091113613,466835.578364897,130752.26955729706,322061.3204998668,824003.3597437065,258675.0374666034,665082.473428997,385903.0716497906,202160.5534107386,146060.93524622516,286307.7470792933,441188.8577982573,670268.232898843,363764.73279207456,1071695.8914863148,705487.5258108883,778202.2460785852,354279.44397037994,386813.55315565784,519187.6097656211,529403.4708198095,518425.1623487245,494832.6135891602,418550.32820376806,405380.2650995097,357688.868175206,294496.5919239925,806090.5542854537,169913.73261218908,656099.2311884972,2280471.5910493843,114131.18484361989,398762.93071907514,482419.23381936445,670528.0110016478,620243.4621589849,447745.2008794612,316506.17815202835,598793.8130257847,727667.8379365453,194535.45401420287,249608.4459845554,427455.36999581277,386150.61805716844,1052441.2024021123,274371.2759793101,254183.76828827808,846719.9922420911,403392.07729506365,298063.37694482337,96721.41341231565,183082.41196320485,774619.261276997,639527.8897277756,491246.93517222453,1147920.8566827653,282547.0987881942,1572135.7839703972,498745.63383316447,382355.2203989913,198618.52266327888,78327.27525636608,432934.6996248736,965475.2274714693,719442.7648061874,294284.39097887964,351113.22822979523,298458.60299590905,558935.0457495638,420474.39087759354,623604.3633163876,326440.7075246492,534711.6582505042,530067.7400833255,266912.0494357937,632880.9204330725,548125.0744441162,428078.739028775,67180.25640873119,184171.3889370379,710242.5078325837,372215.7936616497,253612.4445924239,973296.9920297625,255707.11802953717,1112101.3531601776,1381377.8808876763,723536.3868347357,235323.35853959277,605107.1503778702,770095.5185101957,690047.6699310867,573218.583502422,503297.50933317794,380586.466692698,259666.34011536592,378198.8940298635,1485396.1994690376,257148.09475458847,132635.42978412766,1025251.9056447387,278308.187530681,393420.0767995069,341018.72926807165,202881.31637835625,152260.51625824388,226161.3397532444,878321.0587226388,1839912.0233001588,738486.76245824306,214959.9773381468,236115.87330891122,698861.0453652048,129766.49797063501,899246.0852374253,113811.73028607779,327459.8001151183,546739.9249799383,631550.6244391885,166705.73046216002,101445.84849839873,226803.56949300892,696740.5241416448,486303.20274920523,1071435.1257414082,303316.3167355623,952435.5166880672,179551.04783282263,969449.0918954805,588425.6518584556,377536.83859598177,564064.2095618913,227482.36660802702,952574.245860817,344125.49336907826,269011.7997693842,284572.0192152074,102689.2817504991,315779.7786150042,598895.3823500763,106156.7383208718,222474.81508647464,608628.8346600047,371440.2102663706,248135.48031809067,622393.343274751,1001177.2992562426,661098.0750084722,332236.3268341423,681359.3636289596,328013.33149780286,259263.965989278,661549.6485522032,399553.44134968915,420493.3770534382,214904.23083422784,232040.79374196992,352919.3711862663,133532.81118809656,83201.5228313256,901748.2006585152,818841.4295750895,131692.9343895779,1738533.5243043182,490495.4883618199,488180.9407357123,955460.5215112173,495586.1276115916,168461.11084973864,848603.2247920096,285536.1634790702,805385.4344626501,390313.7076519221,207364.07005682535,220117.6245649251,938529.6399069998,349582.06566280726,150274.77065200044,886166.1040416436,2158236.544603386,668553.6346621996,602732.0149343589,83727.2811210888,347741.0324410126,394351.5191516758,816937.432301417,183676.749279577,888620.6890459021,283711.1033380852,426516.83429419226,493530.31642653473,541386.1486492987,267482.2197961259,138469.98753423768,1589710.2886014846,384708.6290691976,419976.200735326,527591.4053704207,340063.2073018788,191359.55358177255,165984.23840824905,405955.2481089354,351763.44656327757,217088.93365707126,235425.3358696208,813829.8493231004,930858.6782496634,471582.82639437733,124476.72319250685,216912.62542925894,188834.99109709333,468923.0604926501,814265.5998585022,685223.6881400059,340322.3665885366,468970.37420340383,601607.7854173303,315151.6959283008,518667.7955831884,130926.20000099025,256605.41100324172,489060.7047284326,502670.8149333781,277953.3027297052,297439.5085416841,954689.4816039457,644721.6578413361,1851298.366981749,558167.7946346406,716080.8681014595,156003.13758081058,1396367.1419156983,344895.6167687466,112006.13548039837,1077907.4394950473,148531.89696056632,457477.0830604435,236735.33216686524,927977.6945951022,465955.2857915683,414640.6136255929,365484.87630617706,773172.0901785368,130814.27164284042,277217.17730234656,157932.8355142926,883814.3362158228,343518.1734399837,602263.4003706191,684073.0730652274,219340.44694770317,669663.9153250564,562550.7364160449,445010.6683443946,591677.4829653284,167140.06884770922,617048.855766627,205262.97214791767,453018.11187984,242742.1374275988,995427.2520735776,323600.63630686246,97458.34432661804,721469.929775332,388241.16295236384,426615.50787758396,702869.3085431322,561727.4163877874,119974.20678268922,739398.2398122443,337698.1346677234,1110528.6791176845,174909.43458088767,308038.27733641444,231224.0794496059,248907.40870470874,198795.06527196625,158423.45972714556,239584.19945582925,159133.842903774,2560047.483345991,188871.80395287267,90886.46156384789,374868.11618987244,154154.78276313146,123494.12300345195,519765.22982212895,268081.07119785517,234840.9007121374,790272.3861759932,224996.49154985193,800335.6755478124,1235469.84310273,1625074.7228003028,297319.3058063088,465023.15804862115,540403.2269889829,651494.1156608909,272845.8846496476,286148.4431703473,751576.7091657149,173060.2077473022,797755.2130491836,941012.4375985955,368655.57129400154,121139.07408095601,528019.4132429502,138896.12710222474,232657.66769793932,318138.9269151916,1607574.8384468898,326478.18151802657,398243.74486331176,559507.3307352866,541440.1184840983,346916.841120516,242605.07577386254,313459.37056595774,128229.47751112167,600981.9075916057,272114.12448224245,365936.2730115082,293305.1346094712,232456.58401826207,624525.0932533594,285864.9434389735,608047.3155025393,289187.5889106959,102905.3345724758,551517.4568847431,169117.54651747041,471355.547344932,271902.87164587626,270900.17760919774,517829.53426600865,359893.67186532664,510031.3322010521,539591.970837762,207550.84641780698,643153.5104844731,404574.9968487762,284529.14409055776,381665.5284361892,564331.4567489958,918878.470933482,495429.197022114,1015138.6592769063,199008.7653004443,361964.75665339315,237421.50005780175,370126.59528953914,968739.9195276013,664030.5168333715,189606.900457492,250771.52150250005,407377.6373408865,784203.1051478208,187346.6119773613,708434.174265224,989643.8229554399,861275.7527261243,798361.1257441489,520786.30427217163,675001.9330038787,440031.07824237517,973470.2137311549,1315949.7644979472,334970.2256191747,460479.19537456,803646.9955072831,453669.32463150955,374125.5397735709,400502.73547505605,423620.7571228122,219122.0967231834,755020.445885116,204112.07685300824,858384.680535432,334463.3177133153,204881.42747653846,1907552.4166171052,956868.4660359991,303235.45865327265,257024.28516334374,344419.2412755089,561598.7400381994,1070354.4735965775,483193.587136712,183420.21848376383,405228.0076247192,744603.0775492406,703254.8055875233,267286.89406567015,481476.9427583425,914759.1982730983,454491.7418778665,431392.708292766,464507.19489555364,335871.9317828504,198739.2807188217,323119.61840529565,533893.7494143838,362554.33132143714,1742747.9039599302,864706.8120117048,606172.4184168205,162227.70784537564,439162.5067513016,261464.3659833238,996634.2693206954,435505.98429712217,511365.33759520034,780472.4402806876,148583.14594568935,559173.955424301,279883.1719741086,517672.42565388477,139428.70229792644,515835.5010815118,1359292.7302953908,326592.41133966576,655957.912786106,910121.6059450039,428382.467253473,453774.8667714509,791379.3416847592,557870.2433913049,312881.9774337362,282550.57586694276,109126.73859018966,436491.07405009953,2178777.8308016923,174412.08761861856,1156073.042975964,481351.2254685248,288633.7903980795,1040850.6687555104,417981.1422797619,124936.56695903855,1047503.3556800532,902782.863603569,471454.81161731726,312864.6552691495,847638.6954384799,303586.22770383366,580106.326892886,413718.91411327384,621532.9723562191,642482.9338961821,649883.973743936,434006.27193803707,241931.01087296117,744937.5220655157,958517.8940989955,956063.8691437264,1637345.5038010378,671959.9801594318,796962.6310221372,999022.0065663004,1159031.0261117055,418709.81850879855,288774.8521772214,312045.81016307,147376.3581811538,1912286.9171679006,391331.5367143683,377561.10506991314,146356.20592448945,305550.26788796944,578240.3061988518,342355.1804479274,275368.7137414359,220779.99612579437,294049.46776697936,574597.396347915,468617.27562420175,251745.12546146874,395571.0653938608,263522.1814409267,1069978.398171136,262065.706284351,485774.5707759427,292255.9344323729,928570.747616525,1355660.088932082,1550889.1651077666,458922.09149456694,638877.3919397882,716526.1595797573,425198.5607709811,742248.0240534045,579324.8550440139,1327815.7081342903,211789.77559312843,486270.1966525359,394174.8170876388,910135.5941030104,238823.11331265917,974287.3411524476,371670.21667675907,222119.4043257869,362368.65013309853,1211143.7099373755,253917.3024044882,1130276.6982686005,321819.1944339578,492087.9398200121,187024.2791869367,228847.42215013373,271369.77214683767,257890.6655060128,1648194.9595088854,690608.5535627493,319046.2998859245,689754.5588837585,228037.24241880042,351818.146665516,1057625.781844885,1106501.128558014,636282.4005561348,667957.6626643555,947985.3123163425,363913.652850469,346767.0466722539,265030.7405252107,1025732.190443542,124524.57183635664,281314.1962062882,261463.4843874132,1550471.5273041327,1621497.5767224147,442373.2113236309,216678.9639662554,270980.7929893782,1941608.1842259152,698289.674414271,247365.51349196187,383322.42822080693,825211.1691843785,478344.2943097318,252679.2708861501,324152.77158572624,404234.7203541991,375444.52775978914,457621.0502484401,514887.2983178655,286618.3910353568,729849.9104720961,305321.66437027423,374577.63123341027,1202543.6827371344,317293.1919053649,927432.3565803197,338060.10754660633,490333.4058944973,679532.5732762917,487959.3185416218,100520.55707733748,1215388.4405991265,580913.6514168757,1062745.0365184818,384124.52466071077,134262.97389825791,478629.12464124215,337547.1834870859,847056.2060980999,583989.4276082307,104161.08553241397,208004.3924203625,199536.53055536424,378500.3830043645,425710.3954332526,547276.1082229324,257332.23053096887,635667.770553807,399214.3599433601,647638.189885713,844378.2839901678,535672.0763014606,1196972.5268555582,218750.91305255084,662608.0492401146,442263.66218089673,296350.4413130965,144534.0238429264,363493.66313643294,252382.83877464573,213905.16752904927,932086.4067250061,465857.2007076453,852693.23803505,427604.10642893694,482660.8508270006,1087930.8322802966,1172820.039805104,1012395.4271643526,349172.75527655164,468106.992429136,490056.8448053058,210798.0317919784,63725.40962721967,101619.98363893104,263807.7952971982,341264.62793639,604892.4612565474,306842.3862904108,1274183.231179253,532568.4523244097,257101.72003525216,160805.0487634623,526848.6583047397,1167254.6411435865,140967.3454265785,99192.87789324782,364542.7200380752,446982.08499825693,358681.54188247194,563620.9436813111,459596.2496138029,1001919.4224454868,586487.1079149161,462569.8118964395,722493.9739248622,129153.48858782371,642754.5941097558,316866.74127951596,315192.913749116,486439.58159308945,517443.6001559273,308976.9716202528,169096.2058592929,393868.9216830631,643534.9958996542,209110.12124056104,761908.8631571002,1015642.2017048445,493980.0077360725,519774.2069438566,1106491.211473695,397931.3733170185,287083.79812808946,350699.82603441604,371881.4026788631,338433.7433015771,582266.9271975819,621715.5248936957,236392.29116555507,400399.76131827483,298211.59471453895,306608.4782084846,1260570.7806893364,489422.62300200376,131175.38675609796,441669.1279558319,643540.227138961,1951209.0885511034,578245.6981077547,306198.5291395564,493665.0532239372,529541.2425094371,254871.25718468023,1512626.2083248787,163888.86680015989,310758.1773387852,650582.4929849596,357524.0557056646,382189.56292951084,439531.0609591546,326664.5347889373,176891.27770058392,886948.153954882,1703939.7567670944,162722.776696633,196672.5810986951,459825.02292717964,298351.18152735365,249853.88083148788,209290.89218987967,201201.39859211672,227338.59708944315,424543.81458047463,508864.27254758973,491800.8922625553,351436.6254523243,814400.9347321002,330028.4791071461,531320.0059314031,622894.1505228396,882967.80006992,840380.2005758978,601366.2389779901,1394177.4697712373,351473.1067201444,993033.190113622,242347.5485147979,928921.8076302767,223859.8217633711,608828.2388034549,513704.6221968497,611471.207747356,283777.90848136606,324980.6915146574,131869.2212671677,1466586.109499268,417517.5408896609,298568.2569437112,1671577.9494236787,190916.11348572376,490075.495247356,174648.31985251672,306176.29586033634,107107.46730305327,1128822.8929223055,1162148.1267388386,1591335.7559332452,439989.69483924785,841872.8671750622,297796.6293375409,344482.96075021994,343362.46953523386,1229490.0273456136,279306.3830388095,84564.1684833856,466134.18573970156,886625.5182214187,295696.0129990038,1579476.469786682,153773.543030512,584381.1202398019,58712.56514622257,256063.14404509068,409713.1667128692,734809.3055181748,2667930.550116154,222632.60563973823,513883.2758407656,604426.2976189945,423508.03418213653,2118195.6969766496,199931.5053426394,333017.6163921229,1079665.3664671723,393579.12958658655,597511.5352046071,433074.4865386562,705299.7945321231,340062.11856501,1139117.0623225484,421044.5208094736,551233.6821393659,502826.058299906,383571.49058696785,226514.9000968244,737602.9074191864,371628.02969749557,3328941.497003136,279073.9383019225,457694.8074007994,854793.2644319109,328940.12503132055,781585.2124586547,530211.1994686647,833098.3720207198,425647.3024430664,1266558.2745106518,2105178.0463923896,1154148.060893117,132868.18405895625,470035.34426005115,471402.84062368644,364664.4247791655,139706.21429353373,275776.41276781575,318384.6775990189,604269.6736702264,530606.5634785237,223574.975868047,265546.4308792309,800161.6492131429,131889.52583039328,378475.7184963284,267164.2690161019,707642.4710878528,370184.87705785275,174526.8724084289,317562.5311424819,538632.8366294306,887498.697333188,179577.18927879527,561811.4872323623,190322.44144155554,1178188.2167551885,376816.6463313278,235207.14432048798,548592.0391383101,452533.2080963877,815713.7956278437,428204.37161849835,222382.89586428658,191893.02449849874,336249.2847066246,602867.2309078623,1306126.2033924812,200051.81401603774,496549.4471741624,537600.3345822336,729198.6231147958,497764.39079649036,321568.7655220706,233324.77468937307,176558.5080925793,936393.2473873838,384741.40787663613,367767.4027172808,663046.6415354506,101424.50238465675,382781.70953516586,645815.1177194084,125993.34011242425,366863.7973734689,472684.1025527484,762717.6997493979,566525.0731717849,341509.4856090658,119653.5570023019,363277.23205023253,459176.8047598363,1057446.3486144475,249306.28841128497,321629.3779129697,86089.42982938503,232746.02657950678,332276.9730907126,772398.8291222827,1269870.9979379047,1075311.4161491473,791845.4390289781,822994.4886939805,656054.4758811224,491781.6793347056,856233.815409974,1006067.0649475952,411667.4819059751,137095.2527425759,380294.5471715607,776889.2641686357,318356.38376566884,348096.2304852519,3711565.675217604,409038.43563758483,402943.8984014585,505768.52896843175,730763.6752313417,468713.4590190283,481526.53010007524,413439.23012081
337255,922083.6080162068,801379.1076369181,93114.93400214337,569057.8451257949,502479.7195355669,608453.4886794004,1070829.6147007325,831948.7608717645,357241.2426716323,451844.0340361583,283687.5603147402,488111.92292713263,327220.0170708186,254485.58266918,271267.03301302105,2624690.726530018,1020527.1714556352,1010090.1289304132,353563.6874530067,386255.63846685854,146448.2097010049,520901.4100017063,372564.0244844906,491142.1281291708,376068.6327887208,330545.9380319124,427615.7533974907,161316.9608300957,365276.4112754446,149259.7221030539,279893.78031696496,214995.76600619848,906876.1089192751,398108.2035957506,848072.455101072,804533.5268892936,309834.8907002034,470431.6619536227,207331.55122283846,2386095.7755605103,909860.3013828477,878144.2389110813,930321.6081122273,208560.82877393867,525945.2040591849,1572953.5725150516,684133.1153860934,506349.63382770994,309033.5274026738,508972.1369866746,319421.7573186646,622892.4962493476,814535.3067388912,316499.1958532479,852346.678652722,709818.9601934009,366571.5878058953,372055.1982929107,1400306.8422913544,308599.8817511601,572244.7540371523,508713.20827348344,354067.298566434,709796.6630009309,530063.6725464065,659836.5793555239,676549.5563753176,289193.9617446022,267690.6902753436,210088.63635516897,385691.582735525,487167.31563764357,305190.4248786423,422732.5613075718,502636.9510048814,342879.1276709814,1073711.41580705,687012.1937471607,348547.70369122614,235584.53739948873,227615.10335676148,193018.98925194162,1214331.7048605173,163818.8492217235,429637.59444830526,721471.0003385352,346740.79055331304,503740.5974559126,544030.9543707153,535621.2723678428,445068.10515970783,433278.6665992363,277516.1356248418,1681227.0814265274,454673.78454361245,250080.21106285922,1224633.9846650518,376723.750002451,674316.5177182137,201842.62556798456,154135.37117530193,402918.0489393255,641726.525297504,316547.6594118008,243439.18295276383,205656.03778014318,507419.2384742185,505649.41342431336,203564.6459076261,251328.3886132613,621974.2522000942,277664.0461520966,209784.33607921176,351375.3867624906,420890.425071886,323584.64810514986,145209.57050608093,1109735.284603189,600092.9264785543,402928.73065054737,729857.1712216528,670948.6861193493,179530.11854552716,1133246.920056365,509688.3522870918,296652.896397151,618490.8534712114,803742.4836510256,659038.1219387817,562438.801928049,279572.7626001016,466689.56528700615,259870.44406379035,877776.1378302522,263356.3103413528,2188791.907925132,813907.9337318505,456218.0695560031,192920.66658709673,555523.7729847631,461895.45576290786,1488904.952423811,292504.2326612411,796004.4762277018,1420792.2700413133,512103.87610886997,355237.57867618225,487702.25178025814,362256.1130749718,350825.1729297167,800330.7294170219,1196181.6751119012,528203.297646068,648722.7596719929,333244.8920221319,480227.2880907026,692507.8500216252,253055.6920997102,325375.9911805982,138459.12434126736,247939.22286567936,223479.974747797,1494918.448051218,637201.3563856838,1762946.2995278742,559758.5004642237,179493.09548154267,208371.58102602809,484196.57526510884,226236.5783544771,3371871.0209346157,798811.8556888228,304886.03779573506,90617.30836010839,1576396.672314653,318047.726283303,265650.3334770219,163328.0913654344,243623.59779644926,900182.0045548953,550878.6096618236,968003.0594051506,1333034.3449520732,3418761.9497147836,678075.3708273823,159702.59160825924,863934.3908517784,164376.54518520468,837976.4232257499,394722.7664817587,1084038.5565308118,246654.27759792394,78295.46208155362,132988.31694404676,525222.3743103718,225537.5553478034,651534.8816457605,438700.01881059754,352846.8868127333,328995.1230002756,436010.82763123343,442709.2155052794,343272.30577655794,997105.324396462,421947.80528707284,601215.1426740132,255799.27988681974,496651.17882358975,654324.4160375583,245631.29049183577,208149.9716221924,952891.0359320984,255036.21719028434,62330.71447926131,520643.45067604975,260412.08799555583,726117.6197954629,1183690.4775935386,314886.96658997616,234511.64946732752,325066.08016052993,329333.5575158995,338257.62435310043,438191.0829271916,279203.7743752853,213035.11594987285,487033.8239382971,514327.4834801576,460523.9924246523,341673.41604725085,879889.4088469447,255464.0398106889,286703.06125242176,493262.12974023685,314621.1801217332,1391915.9976563195,456371.4994234336,202079.03747606563,483346.1335106065,250379.89620180064,462171.02371124865,657501.1062708468,1174599.6268136327,871818.0025017947,512968.95496877056,241981.6205742804,163701.99327289307,1117717.2150572203,268951.6103629547,432387.65914099466,655819.8150667733,169415.92715012826,317482.77807268413,178315.47656965625,394551.89211400895,897877.991155467,678655.4708639706,294846.052484254,227385.14969638962,196904.77466134308,805167.3644586738,579949.53983837,289549.17300684366,233576.0483468034,1078990.8007451887,531920.7935741822,659591.3094211331,239294.07308992354,1493770.9872625053,241335.00318250302,509383.8799561495,1344063.2446193947,1041513.5005170009,131452.72731649244,188754.08362753803,581381.1010141462,515475.9681703824,623738.3387804681,279697.32806264487,146782.52505611593,399054.3361676918,397984.77835799276,317939.70025352185,884151.823509786,353346.2696913537,421904.32760934014,1065618.2791897422,132371.55590955963,529563.7757754754,257728.22441288517,422345.8346974561,505377.55797315,588604.4827605614,335720.13297358836,1133219.8434013654,2299728.63221238,249386.95387059273,408984.27366175613,481610.4035990007,482864.6162325654,71935.90727629384,1827535.3665005555,377438.7416776067,418838.8449247461,662678.8414394221,92582.45735244658,469241.07420137676,360701.7314907617,592036.4045582506,237084.62956924713,318955.8165934637,256453.80131981318,342482.8025270714,528071.733184437,292474.6141345729,441357.2699412697,822950.8770818746,467410.32350795506,735877.5868524195,223735.7973283076,141624.03150960713,395566.12633449043,345858.9452362285,485984.7142467792,606740.6703463047,121695.12848686968,921346.2209023258,73173.43538899647,1045486.9599647123,576891.4941697146,348913.72746670357,481193.2787383766,178565.27458616893,406690.47435469495,1246586.7262598223,332179.43835233327,260676.23155549337,311081.38424595864,477395.9426362827,681846.8100874563,355893.85330650565,658156.8647826359,880000.5270521285,1100940.3270547655,61308.92376696325,566413.0183106828,330713.64083319495,461984.4435612944,707161.327681773,1012473.1564675963,326288.1301915124,926020.7420347291,349162.5903909867,456685.36663506925,477437.70036864886,576806.3718290777,666231.1322683358,1234099.2043406542,364128.932768464,597840.3864313299,1318182.2525167612,348087.56562655536,399128.0989454429,175130.47485661265,499058.4747290627,354624.00556961435,380926.4809545723,389775.13494018133,888581.1308983956,477205.91326063994,321403.9602312895,177284.10517582987,240920.97207607658,531710.396806061,337140.59010811866,271329.22730475327,384062.8259713209,609968.8750408766,466112.0583713168,969472.7497485325,291200.4883159715,730389.0335182694,128179.87373939465,523162.6640511016,147934.25381915038,547348.7612657078,142683.38565668053,433230.86285588704,549028.4209498996,238922.00592168278,906615.7758829212,807950.2517079484,368751.70180777786,1130322.821831287,735603.934789197,295732.9786505592,574515.7467507372,222437.0981706339,530132.7736606377,229235.2194068007,217699.66336627264,839803.5393665227,103333.44021614309,251359.62602950697,1235745.49823163,410443.8775853011,490103.9359617053,547948.8171948605,1117651.8557672244,205076.5784738332,749431.6300165427,235075.25458675186,488499.16417787084,191365.94683677162,1351849.0529012976,1744394.2233023115,295232.5301991595,283979.05064853956,133764.6784319999,276395.38344901666,211257.51174116076,691213.1160504193,222342.90273568587,1666389.9236663154,444337.82615551975,1439886.6283419505,687388.5592141293,171265.87968879688,264813.5990619825,201785.99249608986,352329.49732636916,263402.04359971086,719189.8216442198,549915.5728480455,691391.6985526453,679542.1198028895,267669.99858322035,355159.1768521809,223579.0821157221,311473.7254883266,591785.2781876049,359809.2139211333,513692.2848042813,473645.3297900287,1425283.016081859,195056.71514728232,60077.23063301805,195214.83095797323,566681.4176641117,379513.01129174663,427746.2172131348,211644.85841267396,904098.0757087652,93275.23851053815,239158.77359763335,862928.4011322503,90779.88231398458,394253.4036273646,750404.5166228531,211500.0551721206,175588.1847905006,1020829.5516758559,243448.05824977963,265742.88048119546,149038.69365884716,674543.7189943995,334059.5134382165,66104.38882113309,362331.64151631825,326848.92270518397,382108.44415406615,532649.3396688948,174844.72875492147,448528.7740389027,449046.59852520796,585449.0221529576,371071.47548543883,222666.625199954,441827.4260292989,259089.9598888284,291304.3886945323,331646.9100206529,446066.64030263876,307254.0136108989,495102.2626177066,158603.57228099153,410490.57343436865,748643.5054392569,705356.0227927414,119043.74457963175,259153.2777896623,461686.42487369664,312559.6603882272,459851.4950021366,577728.1670446126,790602.3253148004,273496.5433304031,568992.8369348507,1157931.9208444464,355317.0251186377,246937.33287512194,229351.66676262033,378002.0528117728,1074871.5326410094,584356.4220249272,1189731.1377057093,258271.1381241652,123091.99649448221,426380.8576387111,1758727.9026242634,258918.00327539927,697919.1648636042,617790.3355992126,559792.2081114689,471104.6175601704,401117.77701039915,37351.77008714744,594384.4764643591,280277.3854253188,113212.05287239628,422223.6904544221,638453.8599844114,210874.36092335073,153700.74092100965,558447.0824128671,450345.6189434715,560617.5821206999,644766.3972171784,92075.61557597046,143454.23641852706,226637.1376918464,224270.70510476743,251132.42263167354,270081.61611759954,626890.5328819171,717667.5702761547,271374.3213575548,253603.96035897022,518142.07314389024,836162.3782260038,624593.2262780899,533643.9272952834,477526.5577779617,1237645.9849758712,948488.5424258338,242341.46831254233,592668.5152715178,353964.56640609365,390801.1224829912,686628.4230953616,234648.6313182719,193665.68046018304,996294.6549288265,478528.9263650709,353656.5559719334,1202683.3360233528,531595.5379079608,1697552.1528525047,1165503.723399176,1100636.9565580408,1467505.1308441202,153592.84571473836,739898.4362543522,454986.63016314944,175238.7580595554,437790.9704041501,611498.6315203867,627679.798025065,466381.80346762773,206491.81774544902,859969.5491102545,452403.3446208286,700979.3144649334,1092519.8253229551,656925.755432026,718441.6244171474,127476.3449138563,343944.1876522359,383519.271468757,331090.460939875,585190.2868809694,488729.18851945497,527403.3347001283,969784.448728529,276743.1152451032,215664.5214426834,832213.0427561798,654860.0545842639,215621.1254122119,677806.1936713723,364675.6724007365,712254.5384667242,398317.9114708954,502771.09304961446,735711.4676382188,545062.9173494589,351523.0328696247,317065.6804002623,497469.5963919369,491522.3045353507,246737.50429687498,126423.30826339406,564981.3048171196,482694.94538981584,218367.585062435,611257.7900932613,222694.626328507,349986.7241709935,937872.308235193,409055.65223713225,969032.7755277704,342239.0984978944,934499.7230163469,463549.70824825624,183623.10600243724,380083.48696187354,742892.9305790607,319661.1352645735,301342.1547557104,332974.9364561521,119153.37802847901,591157.8409528668,510439.64553263865,245240.83709555923,299369.32745963556,833662.6378003109,653350.2293517193,639061.3943205519,766227.2047763554,316934.86905064696,192895.36346703127,256687.9334076326,964680.5060856269,747482.1213929027,349075.6058284787,558959.2301278496,719050.8033373548,404647.35885774007,217594.30984284473,285842.5719770196,312494.9639411172,350589.8156816223,277203.30691629706,341567.7874294956,761043.7229721132,719489.7120278567,236321.1998881078,332583.19133848976,225326.09573471808,464573.6675212298,608372.2077493324,647969.9944096938,498826.71383634524,246582.45820335677,1007884.3120889607,702495.3821978536,745132.8722552465,492272.6696389755,669407.0579371793,531280.7066822018,295660.6293709753,501995.3698596662,415159.9344932552,508538.33760654565,121587.57751508625,724411.8911035509,155331.5662744606,1339238.072238194,1759343.360466565,1649576.7196824364,232151.6071034336,293446.07241007814,202540.23207999195,857755.7731106305,752224.8553009164,1281189.5596929097,701538.172305406,554643.3491274093,390844.7670978227,226835.57283270458,164945.31499528288,815945.6270191256,634190.0356267272,577073.4009101429,372735.3892262284,356786.1105564607,297874.4785048249,535240.4925119227,262330.43043985293,336476.02876139036,784357.8996374003,319957.1425343545,686275.354457732,168698.33437176188,265893.0173441334,162918.50753724214,236636.45340311396,1072710.1721159795,190691.81298926767,1199807.9674584114,394808.8147503889,172453.1302052833,209069.2461900132,424567.1015102556,178159.41277568415,470930.8385268821,441476.8360385862,272382.6275263796,391756.611099874,477650.178228043,1085517.8467930637,339318.53762872674,631436.2144187355,327874.4052719355,344878.90549100534,222224.3417226268,170912.47061413995,323709.5337579897,347929.7302531077,556797.1108739356,623556.053699827,367139.17027340044,1426049.4309157056,327131.47606299917,223050.7659524902,425546.4994061452,489689.6307702168,468545.6943419097,269324.18825551233,3339254.031280977,193977.2211032771,215297.42013549764,472667.174934347,524935.620576106,740718.9238467033,424504.6712455111,247669.0940931173,275251.418811022,259107.2371337934,306412.7562540439,214654.65590980038,537828.8998370373,580786.8775719672,284303.2153486448,397754.2456907582,181089.7590528299,264135.1398547862,872092.4869109909,268321.93147493066,1638637.1154933698,382020.2793298174,434811.5345192525,430308.82170792046,379552.44740101,394900.3759101032,538291.5573221906,1123823.2976672475,599303.0510042334,531464.6987102327,246647.1988538012,259574.77950071997,503910.9125271503,1187625.4871373891,249282.070782013,731021.1767383874,1381648.054556252,430561.69450553396,831724.2679997343,244251.1547220422,313096.22624482465,177474.15780206508,450678.4443522837,1073672.9478442674,676374.1052229379,363008.22255789797,241191.93064694764,663437.5720109848,252196.5813431335,731059.322878887,666172.7342494692,611972.0352452169,538009.3048043039,228180.82331476896,404614.52114163555,183520.8290402474,384698.2799151883,235606.86217951245,116885.56397319361,908929.2849432391,323174.7084329421,589691.9496689436,891349.3151297914,1151200.2528195838,1345748.0792832542,633239.0525593552,511524.3735423207,406823.35680221644,375919.0308445092,848327.1995036645,823302.1457995155,351127.6074190485,453069.6469993532,1200070.4304418769,371008.0354915169,646756.4101836759,353531.8213863504,128553.85932310227,601715.6565743433,774844.4999499308,251767.16185973468,506492.22795398714,232733.91467336717,321720.12476811005,405878.38908237655,411815.91276735626,306947.58561202773,1023842.6652519833,721974.5167553887,675102.036539111,345067.9597495735,2188320.554444261,975356.7474742762,500043.1729279303,445619.0421669081,382084.5375929164,986446.6406752808,307546.98161101696,274969.6377147301,495750.5213985717,173727.57501346825,1405506.450023351,502293.18126339203,197262.38489412886,395527.7842932258,272115.3100956246,531477.8174325742,258687.90542125018,730071.7098214088,862296.412847062,182998.02923473157,471254.41850364115,317407.97272371576,455103.8469265173,449224.349701259,987418.6412425163,1103514.7066930272,584346.4611276691,226355.24389270102,386519.2044728061,364498.01293024654,358027.086524949,405259.057631889,423750.0909871472,425554.5620062525,331645.36101126357,397967.4095046145,1858622.0983695453,325174.72871057363,358089.54534809716,1105148.2350537993,740564.1449687814,706496.7992925844,536833.2171629341,754225.4748973673,177215.61637179635,343238.1778735409,400446.67581418174,374484.0746530704,548145.3539465665,753079.978056362,330976.7870307057,584236.5123845909,274683.0219439666,195542.7199438153,400671.0137632636,307213.6946609035,260897.6585592711,446805.2358624508,862412.3231154745,489490.8301377897,781250.7272855926,139149.00861121,221002.98918293067,361302.4955818132,309444.69869109674,349968.20354220195,236603.38438792777,399007.15356302145,420865.85428764205,299212.04729788116,406726.0090862923,1372394.9531950708,392726.88097908883,804006.4075814065,375295.6422093956,489107.50680953066,265369.77570675436,921472.3646737731,658534.3198015036,288943.0366394555,369977.8733348781,282499.79793175956,209830.4618081985,450005.6474741894,504958.93056909443,3367709.4476393303,1087266.491110898,192456.17538911736,514016.5248144033,190519.13412880452,335331.2354186195,112505.6369502375,491231.76600412646,274902.8243136971,179792.8479401792,309967.1387233944,114229.18240359818,773095.0278047418,377237.7608245455,861665.5016357083,395890.3070432577,346527.8079788206,928465.0870554458,742596.1828026761,227017.5112801712,608868.6912649755,410970.7188343972,587620.6784992471,528908.7825620841,220109.94047393062,737242.8383032979,790454.0812075179,504226.3850551781,465403.91830653633,167901.57408528667,296144.59584604634,422624.8629771026,367305.5014603436,770489.9763434402,228812.83872979498,521723.9138543848,402389.15397233475,179908.38093053564,312246.886681985,691547.4348310179,547243.4040343195,494321.24412915384,429237.29294536053,802860.2976612297,379283.0664272249,677396.6368274254,262036.36024713024,564044.5307219214,652884.8144049634,207378.97711036628,321463.4882523831,507044.8493535415,298302.66911052074,253844.16873956315,174429.70425773086,909061.0222964298,694911.4800911484,583978.7860604883,157386.07695282958,853504.2500045667,1090520.675279252,1144353.922471367,612028.3893977504,848301.8237206489,460208.1583524924,513875.24719789706,282738.3488844587,752828.0759581492,298636.55310467735,318833.71314511186,534620.7565029019,990806.6244443548,399652.9418297356,337643.314982663,296870.4781504409,498614.4927289397,245200.88831299177,200663.83853598757,52150.90834334268,1025334.7454152051,1300859.4675864812,227533.5377948046,233725.51316088636,373889.14657828986,501870.34728641005,187524.3275799805,305779.85387307924,867377.366144944,258250.20885838915,429801.5823868597,785087.5295771456,419108.5056598332,776076.5554500599,393916.76763845317,1366205.2012499848
239590,788410.6346809405,297625.6547600266,787404.8317326894,421500.37720613537,817278.3518608353,251797.31569165725,463639.4207690242,1099004.7206250143,293708.01407265814,315122.39409941685,386763.92198685376,742618.4953264222,140549.78471293784,575833.7448894808,289811.582752552,325586.81640012824,560135.5355340289,347259.0965587289,546295.0810378536,412961.94206068316,397255.51093157486,531076.5977442319,373600.1933518482,238497.32845212368,225326.13747713855,410152.82225070044,859473.3674582673,282294.20742862736,292502.1115519464,357307.6382421931,729738.2503780344,692088.4634015906,1290639.6575272337,262346.7197903922,670637.595719748,562169.2477116828,274425.83553684485,885020.3932045391,269324.1560880816,136163.6556107426,427679.4476288789,279479.3772492093,404007.13556984375,571192.8495811308,309146.6429024791,309665.09119740303,529771.30206412,577673.8416675921,258073.28385277957,304244.2836529128,196599.31580538154,163951.43064758874,534225.8704988038,598593.9264757071,103776.46151007443,163604.50066798268,358239.06506645627,385122.9261389469,1358451.3532027307,445499.66691325785,677746.4444620812,466771.2171244147,638288.2489653018,1521310.9478747158,538277.7518193859,1048601.8768639932,308730.1022040293,175484.9285151429,570247.1827663069,267283.24741903984,295663.5676857249,155677.05109059362,853211.4502174915,508731.0935806186,577727.4896995227,170131.77207893005,268191.16468815535,387509.011087843,413745.6201474055,783975.3343848649,401035.8866786168,712181.743491812,1282895.1877428796,483255.830701896,774649.270556199,865554.3050005771,430579.97664496885,94319.58997265987,497200.2250943054,433420.5749696443,213294.56697773145,188750.3545639,586988.0779160422,258422.17532296653,296378.2375565911,143924.38300358178,686287.0796658596,118237.36030047959,505858.5306824217,345279.4080081632,867775.5884181398,401126.5260596132,481108.24985610414,268785.33057932614,332854.42366547894,425777.2678493233,361838.7637376704,791440.9107872263,648844.7754488745,190715.25899901066,408142.0643470292,468785.16534701706,511769.5787200385,361900.2796456612,307567.56060581957,217127.88991269458,468327.3389351013,1341165.6070051899,245127.28172318486,245861.14562261908,281257.92147243797,699782.6125266603,388726.9082500396,105880.74762188293,191552.00003688934,141257.8358414855,196839.64235742175,167757.48778885376,279454.5869868177,585438.9376245532,309134.36810953624,1804157.041997045,490416.85341485246,1030863.9964121355,595954.3675499905,315947.93297882506,334656.5591542535,411179.3768383137,1111575.0939867513,296373.82246034755,87450.77326047426,84248.78166126389,218494.7757012562,220682.676990819,1199713.7169530091,1253166.9925509116,220665.58738772073,243861.36555687722,283421.1184990333,257705.39059575298,441676.95459673245,713201.3484127517,360990.0900376739,75408.137687096,160482.84754427779,351345.0784269122,303104.1486138102,811202.2724867228,316629.85386936634,172213.6095132996,317973.17043778166,253659.665378632,493158.17035047617,210950.9486636525,559612.1806316667,620402.6376132497,559813.8732002965,154757.9529160528,253827.17809279374,357045.58807718166,1681309.938749714,358836.3362138705,822737.316278211,475068.2048884107,417749.68224773335,247172.21896216847,283288.2534557182,495670.4433968072,110912.48469195937,690279.9549035223,289117.29118749517,316215.3968202355,421652.791149735,323896.5153940199,204390.39016512717,616883.344793786,220247.5754255548,946501.1607612907,377460.52297107654,942597.31448865,342116.6321997628,469423.5642804713,357841.7672977508,634160.9952092553,162204.25216360242,2289133.4409173606,363150.50550370273,825242.6358455825,167456.95038348882,244192.50104530336,473724.9558882893,747549.1373034815,279844.25253063644,675925.5244789771,617409.4809805347,317552.46044016257,362313.9925201529,636129.9092228634,446972.63407574,285349.27791018813,503637.64481834456,504956.1620851636,440823.0546419949,182042.19132451544,208334.9781104259,507132.24924369797,1935122.6761446644,394372.5240969561,621626.9996035115,523532.1085644321,222371.8666748365,318488.5690009481,271674.442679724,717929.0831121253,90694.10033302855,1469996.8470785979,506080.9571112451,280832.3333083072,324387.5101414474,560197.5102333775,550658.4790749813,454494.5579966894,1317520.2356736108,287589.4056182043,691979.184788709,204485.7673717541,631251.9169063052,299459.15324503696,514743.4453762871,155978.35150666977,648907.4027980405,282040.48435572814,232489.38480094232,434857.2183619516,645630.5072537096,398586.84857434215,1399016.096620366,240709.3221726749,425612.6964053554,690622.5733749252,285300.17956868996,234771.41934619675,493046.11679303565,404324.47048462526,426723.9199607092,638685.5169427542,330536.88761504454,1062557.1885394994,198531.69685711703,576290.9573671741,136690.67629099608,596711.8195577323,637270.9456332587,594521.69740321,249328.3924079122,667072.5529528816,776490.6752649432,549475.5362207746,372114.07636348245,191079.9921041874,570861.3030530334,355488.05025003565,276339.5624875563,649344.9110540402,466962.8426701451,440312.84659731877,835843.6842874966,584621.43347598,981992.9992592034,1667061.1784664344,153258.38991693713,244664.68258877654,139303.6523391586,213953.46972630196,1031440.3081241784,74287.7508406879,163789.14069541363,1665035.242428994,283051.0875271219,470760.6091490073,138368.56361633813,377361.2403656742,392343.98186131933,219474.79827098214,247159.24701474258,550650.2077432488,204833.39390947027,359199.197457093,1700634.7678882512,459258.6029267688,418070.0070671445,628497.5254535404,629337.8084013041,252464.64861572307,558134.100685531,461046.74978765147,157382.9922318037,313226.8675197381,194408.00157654894,921291.2401100701,153450.86814847798,321222.41507091606,361141.5233338551,182940.99594337726,259150.90116024765,255250.28683947693,248722.1561259496,169509.70511642247,253034.89535692226,531329.6732002706,178259.34173015394,327577.77915839583,456252.27974130394,858957.8878343919,782442.3255327885,689997.3282102664,1529321.3069747838,291860.6750129343,879538.7735680798,809139.6176420341,353923.933471768,967706.8750387384,315964.85577810666,729859.6307437822,331863.64747289545,252126.71455561527,308562.86863275093,206748.90162317507,604277.6083489069,251508.1807410035,931454.8939373083,1192960.3636735298,324200.7386289782,411713.81547440647,416281.41873678047,715137.3275011439,122837.41893328688,843599.8120752692,223702.2997365439,614515.6243257191,307425.66852019774,233407.32042046386,955496.6408137919,235225.59321984823,165708.1707546817,713749.9659318221,418421.15648984205,776702.162935536,390951.056800983,446454.56286305434,418141.20482275024,988097.0024204479,697073.9265301944,470828.5973614816,238275.34251458113,722811.6884371837,916932.6216495786,312395.0209206242,309312.44159993203,796364.6532780004,294338.193105415,347925.6407853871,218917.34027600486,954688.8237891883,255671.37689119187,381523.8080427841,540273.59844450315,361231.42861174245,419012.99676248897,392373.24104162614,1350799.272294864,583974.6880030981,171054.79355609263,286340.07730280055,794840.5678033704,592381.093967247,272021.93712765357,102561.08107982046,239738.4218798287,136507.08744635773,577131.7087074224,427341.8461092947,661042.1719599479,669525.697958851,263093.74163561675,430542.67174756265,868090.3207996942,337185.89408402686,641466.0330988461,504648.1390714865,324208.10468512157,100382.27765918616,223242.2251344077,424491.96452722984,710635.5259053156,822003.0566898291,649478.7666542057,613861.4967750598,1759368.7301789015,273292.41943126253,196784.75977239505,288304.5281008102,722080.8802248645,522717.22311910585,506099.27447098703,472450.6087455499,509649.9777701962,628834.990180807,133430.1759604539,1034303.041819895,1886333.5200919074,903670.0589148414,804699.0619638476,1529989.5419441483,857637.7647875961,304323.81529128214,736850.6721188632,201217.98114545565,971423.7275307821,553211.4839053958,722870.6801126074,775326.0833509202,136968.05233743857,435910.03002259287,246712.38476813634,616750.648154708,384185.6051079495,110751.84888567525,128593.95603703162,731834.0047489953,165841.3691299206,398369.5995214528,429962.6513921873,507714.62689263705,339993.90239674225,680011.0063266372,864481.6344073648,313417.21507304005,439796.00781623344,680572.4456393374,131988.99714170987,394077.78992761066,564190.1969598541,261348.70287140834,219718.01263231516,498548.98228986183,93072.62836179946,648000.6177224912,372666.9082569117,432479.0890969313,964987.3897679768,432293.40218571277,255684.78853005107,1004702.4940460606,831583.8773518553,299825.35401665844,218688.37177775876,111146.09582845424,763890.4712061904,572998.8176744841,449303.9983788384,201868.29469121265,1156122.1232019712,223326.37874684253,823159.9059674911,266646.35177456617,118536.58293259249,248755.92697123782,532208.2514908243,857812.5817752284,169005.14412351622,1107191.912503122,619645.9186342235,829926.6891193696,536468.0270791462,220589.4314824013,348973.55486279965,706819.603681627,1077336.9402223309,650857.1807451195,205235.7544265669,1204931.7442746032,340810.29302971996,818785.0683337724,572014.7999922001,385474.40399777284,508870.4886642995,723394.8321990609,277636.2887965974,543387.6161572871,276845.03498350014,627904.1312420598,359094.6459389723,151693.92259434218,439700.1236933571,292353.02778599825,687330.7671828464,595835.5881970364,188742.2873684854,97322.86873418909,313700.1607455821,309650.9991067649,385254.77586961,984634.3659282213,311527.50223663007,244961.04395119075,942644.3780911614,1211375.117538988,475006.31546783575,386073.93165342207,442845.85889156384,264381.6483864909,270432.3835134229,192593.33372975778,385221.32503032504,588211.890910264,473647.6557031949,817194.8420071388,621216.4982325216,661327.3301495354,373381.2598698393,812452.8362580332,1275898.2909760491,661212.2331721266,140784.54647812943,500837.0554857971,510961.63614832493,636979.2104033222,409706.0709992145,571731.3681641328,1879450.5302806909,282181.92190993,1302387.3996362886,232865.12266249166,1010182.4595877223,1010244.9982068134,879813.1919851768,2058631.515825888,374872.398946836,352040.71896804357,516560.20671735215,498724.3111568542,416874.6737514385,397194.047776891,638536.3849416091,161792.57008855962,623843.2334265724,208577.8264509428,343970.00917480735,201042.3076222733,424900.0563157442,91332.68197271803,721401.9300368571,387930.4208586779,3984369.9547093157,275010.10565678676,360136.0482292159,552006.3992711408,206980.07978066424,95623.2679588478,632581.781630912,829806.3703261036,912179.4417295716,1062403.8875705241,189590.77399025194,288226.5784324841,1038567.6727198829,316773.5212309502,468054.59641964786,340040.82237765705,635930.2627330841,414433.0922567295,1052939.6513294901,96074.9886061589,102658.06836321106,157735.15054914734,232317.59673872252,206927.21448290223,678859.2729788141,920925.4651501655,763745.6757072285,165232.12877709148,2107201.8832872994,435081.4109965504,277478.87461147143,449311.1098134107,359384.3347898753,413320.3705091786,658522.5569820273,365561.41320672445,525747.1875575996,352257.0709038036,246604.79359565873,1019250.7474484281,1177690.2426358096,322620.0614307933,280684.6975844715,990730.3563737817,313958.54835239303,570775.0906292112,496179.84173403087,458386.1627083586,370132.50673850067,664825.7761113555,817723.1289520861,435564.903474993,449249.12227427354,542619.8978505848,135691.62759227614,950631.9740437268,897029.7463945831,432808.80855344614,460409.9962161055,568743.6922177252,574780.6348654274,550603.522368865,753451.3500760596,2790525.108057089,1163736.9250844268,388056.2313068429,654863.167215809,324948.349971589,337657.16141052684,461540.9341675867,839430.3187570315,681110.0944774168,1132701.8261395588,212071.47183907434,452990.8316600594,412853.51849052415,909123.6188602649,1105465.1507350025,164531.42319373167,644331.2488173974,1532505.2805762237,595649.1230428189,250460.84516524055,931561.3950309288,156878.19326919055,1020206.009392392,530530.975791022,646017.7854249718,174041.11103192062,797306.0370441091,2003111.37208547,452366.23820892593,479602.36661946686,441356.8581420921,382682.16189606587,687559.8088676361,309124.576374949,771814.6948444793,176078.2248375506,270820.3622103943,144735.5348163573,452355.76905524655,412313.03733314417,327101.9954854336,870466.7295247355,148867.7326719294,555569.6570064216,463143.4316623951,1009636.3954457561,672866.29696702,1438879.5155961956,311393.4119456794,471303.77160582086,3380117.7821747297,192531.11809392713,201248.329825271,150369.0715111973,481024.25884649454,261278.525374937,924576.8332427368,737796.5740600437,363716.43098728993,140649.47087858844,298167.6228120125,148929.1273085301,97521.77951472475,391679.60530441196,569506.2131123273,273309.6462447112,488899.79137705854,317746.042694461,984967.3955711231,105701.6203411339,675987.8561708551,671261.7441171572,93714.71445618688,167099.41244040322,160960.06080922854,120361.81373833586,663546.1752974457,205493.50303631555,830017.0721165764,163118.44136355826,458983.33991432545,1270863.5579450727,476979.5975286675,296659.78012680984,987537.2060971364,108479.4732776266,460782.20672674134,468367.91414474323,584711.527527754,853368.2419885689,2455412.273125742,315307.75971783197,339945.6444580207,360138.92089038534,645891.2752418786,851899.3949890786,993557.6834537428,664545.801204989,1642581.2004687088,109030.53843263925,601218.096272107,576641.9415739852,337558.8929250744,373321.92959898786,1276417.0463403123,753672.120239535,403413.15269748005,655673.2574915118,421674.87892315857,1431548.7776260327,241374.54566136736,343262.35086197796,345377.36827407195,404239.6198532585,491279.0191799271,1406864.830647744,305318.3241766237,759326.7268364109,542359.4089168207,755832.4251137219,475877.49254610075,414441.5020214501,199145.60519675794,296623.5454958136,575594.0578465299,557747.2616372821,1093751.5283519297,185891.31027877502,363223.2675672971,206746.49515253556,719651.044120453,142192.84319682306,250161.15843093078,778389.1523380023,467998.0525819515,172064.02934394754,463942.8349181303,264472.433064616,416910.1388718509,307708.28208104376,235341.01284882688,179422.3474243586,510656.2022490123,190831.7688516825,173015.30833474427,187475.44231063433,290450.9414799285,333587.4949398224,203535.36492156392,164889.38139383268,344700.70101773064,870321.337348259,237911.08141463666,271981.5115381334,888165.7390502171,232873.44381518418,554549.7056879404,95495.93985837253,230617.38538135937,363371.62674101605,364962.5361627165,651978.4431703571,224503.7703063002,344444.2234511882,610917.5426207663,769809.9186132548,424899.20202220575,844248.9972334573,753076.9708967555,267342.1611740772,242189.27008912823,439573.36092965596,282703.85690273915,473075.58506404486,435346.4294669284,760861.796068445,246655.0340976773,696378.2415376571,414569.6613613559,588938.9378241461,828060.2444623491,736377.9363124736,1454016.2340887394,211174.1910963547,170718.35880744568,269508.7570718649,512295.47761456965,464260.5674449148,288661.8529795044,255413.65292786097,354000.42445327895,540713.3298159518,300924.5610926211,450767.5315380113,264298.06936530484,316292.52681672416,79694.15311250751,219759.77997131497,173636.1526003521,2839715.722785833,232078.89999575284,891558.128473847,2699182.810898235,474610.72894594335,423382.9309303324,282344.76007218345,408457.4143702085,671212.5850969616,417074.47878081235,293626.1914588409,415182.53074716276,181617.36382598247,472357.7954497435,271318.3151281027,348367.24021656235,374263.3469924715,522582.9768244019,357777.3162850964,451174.6353785598,929192.0882132329,896626.8445371313,657242.0833826114,440259.65954972885,203167.24983114662,130934.69470453958,287935.70369008934,376878.20438111003,1957465.760696315,435511.54624365363,250252.5776900227,784371.8184963603,454500.0618480535,449663.05363520765,591609.8054343094,218802.99940700852,707162.2156911173,147490.85267146837,363297.6301510418,507997.7288442504,1126578.4727956092,574045.7417636097,563637.7397991734,506543.05144706025,203354.51669782802,526888.5876064601,322473.5282353348,238446.38713197,812847.7284269631,182067.74753745028,312851.42658552836,308009.18139585765,952595.4644693867,527114.0049213644,262842.23837949114,482332.8313317318,1084391.9629932991,795048.941274299,962800.6109749436,751186.0800262735,431820.405469927,374104.43882195087,242870.9561785898,191156.57408010963,503300.4004407088,553432.530558273,705280.8946050132,557762.3686083481,422481.39753620344,823068.656111577,723391.2843791366,330155.33541543665,378125.52020117413,507658.5539434843,621812.5729119125,389547.9327884311,784944.382396496,245639.64915655775,310964.96074092214,867137.7138726682,528689.3301649869,391462.1662718933,390771.7934714229,147226.38625730455,1462823.2767936578,111840.61123952862,576213.5551025593,239792.73669013544,1197572.2791688908,983794.9712844299,1354887.4219122976,275391.1467043779,88200.32629431442,148671.1841036957,566141.0709431034,735885.771858833,657572.1452453482,479742.09791866795,692739.3359103821,777917.5707605178,328735.44666289486,958163.3849340322,565656.5540323226,245184.78410058832,427720.72566906724,643352.2506606869,491612.65731367277,291304.41649849113,220085.59266405492,494486.2593754504,354564.29291240877,360757.6743403349,233530.3399343642,959808.6791332992,766769.0344824038,244199.7761032306,618311.6043068029,1009104.5860909316,558722.3771638783,1080845.3862161941,318583.23638371524,379504.4782330905,2608483.511053354,329167.6524469117,996734.0050559796,253159.4220503308,1741219.6814182557,310760.4304440247,188742.1999182136,312923.1412968592,194070.8625205193,513041.4864853388,388687.5399908474,862043.3539177324,272868.14472053555,187025.7566317318,851434.5483237929,811014.3874998257,1152979.1579130748,925670.9966571683,1413369.4926097214,465715.3389909858,1263217.9846153944,946812.8803649602,599058.4196139598,881383.4995194307,406980.5843949679,479187.7174693266,1023664.0813265278,615406.2050449414,1136718.0746044233,503403.39502204565,413162.88950721524,521198.20185118046,680938.0832950356,395262.06175387703,434604.94530078885,768538.8372529761,420683.52683409135,760295.5577271163,908651.6120246877,348388.34879089333,516216.2296355988,583104.0960144887,1159543.9175022272,309321.9428290849,406901.6357853612,409196.4305025899,387623.7321353784,194701.68845518684,161880.73004095597,411011.8492869033,409939.37542706245,556081.1695147331
286405,468383.40035246464,533198.8710375215,981705.1311542615,382126.17593754345,247379.93729641082,654450.6225489092,835846.3574787783,241422.3747251137,266502.1511048425,1121960.2905725355,268762.3717130722,352075.1985916783,1851365.5784592659,752445.8739234295,387724.286214019,398706.66576656734,456336.96804790065,1187447.1561161058,804529.2971665929,563465.9160872259,249453.91985580622,653211.0027667828,812163.1018767699,305878.03961444116,424584.3188756251,377199.3799636049,615494.6573263352,798044.8874756851,443894.9152149517,630717.5072844872,327075.89399847935,457649.30051475216,479769.98390457104,1419768.8865802467,819525.3039492342,570625.6702018057,753754.8913959806,491396.3931434797,294866.66397998447,228528.55128942625,234041.7457932551,456519.0755194537,648274.0530744133,233843.43283640483,381311.4629861917,311711.30092029524,483958.42885179765,1102597.1241700007,438820.57228429284,309513.9508764505,609106.0053744869,396347.75793323986,287502.1713209157,570066.890636478,251128.84797957988,498951.25229560374,660874.1210478757,1124663.1784833535,91790.45938754073,356098.5191810334,435506.85490595014,466930.0630753116,720877.8516663297,98628.97784112029,625897.1356034013,216347.7212440363,164657.13307566888,447714.1153459821,232841.68773404785,506642.6920071983,285845.490667248,990714.4162436284,678517.6384569854,174153.03470189284,380305.50172938034,348753.4643508496,578395.3523317741,693959.6562788313,1117811.187712612,651570.5036590407,210999.85699694278,944936.3856532765,897534.0195116826,258426.2301463854,482215.0437842891,271372.1462548934,916690.107874073,199877.5646425972,169354.11150055705,398537.8334032135,442412.9053144932,971011.385026635,278252.697698573,284234.15965845954,670247.379840109,877811.8282853696,658671.2995742371,169773.57008419692,1503578.6679435736,547291.7133171821,923775.6421022102,590137.1348688424,487307.8023661657,479907.34906423616,153089.34564748403,569758.9085708623,438252.6144719706,648497.5662883415,728767.5440148286,293971.89237500535,933042.6073553365,426216.45951285487,611248.4702106481,379169.8718022774,335187.3443506285,636548.1152145853,262639.66058528156,856705.5587617706,192093.12688548642,345107.16108302627,580544.4992590812,516905.14384120353,1264932.5036219566,195675.97956095004,452657.9836483825,274293.28237653256,579958.344394857,565720.8469155692,740444.699680762,240391.85864448795,398233.07668703835,157038.35352415108,78856.1331526753,411940.73783769965,1026251.5792612063,1191944.874744447,221407.37616328005,703673.0021662283,1411576.1675781382,1177262.8283560344,475874.7053986206,219289.2681973474,503043.9109793799,160460.75578715504,365345.53227921156,320596.1967804422,465043.5376875965,828269.7776647046,1628356.452397477,712762.6677591979,443203.5712701504,1450528.8161283191,157603.26854494028,305047.98944956774,152876.83088069683,251883.2292211291,1108892.4926928212,345832.56615792826,86650.00604279037,491979.3761831644,407165.39782524103,382426.881514648,345080.0423968364,988148.541717299,137507.00836666557,139294.61323497788,473434.3941536009,198023.40098676307,366072.5513563074,835464.6506434095,470711.31910517643,441102.0241171405,305027.73221714795,585382.2727777915,479544.3309394424,657265.4855775024,1661380.8487703733,478719.0837879787,190104.36648615016,439401.8085187543,620943.3646635809,446853.36044441443,740874.7362063978,451665.9474195394,331587.0865984781,1168314.6840961475,463593.3032426689,326936.39181489614,1512021.820510784,411459.6202636626,551244.0182275673,121517.09740506753,337024.94175462204,504437.40409213613,1137312.2086722231,355906.3707526584,218447.10132249168,595341.7726800503,1194230.813113301,1035049.1656033343,169482.76369540722,438706.81326574646,515866.91248787305,419909.78674920136,333779.77618680085,451567.51310641604,346941.94421921537,272398.8980900375,433358.0585697471,286281.9212861787,2382910.04641086,285327.9179482636,180651.99029167922,416392.7663757467,135531.2556716412,321446.38927692187,383104.1065198736,215664.75617425836,193098.33096464342,230123.772033104,280182.09751217015,538796.0355434377,135710.11403366993,461367.4774861658,512035.50377520954,393498.57665516605,443625.5862737649,901907.0378044457,868918.7337438354,382990.9095040298,198353.67109578455,444414.3975467934,202265.9361606418,1320649.5956876348,442788.6593495285,335483.72450089164,302973.5761762839,402924.5576089152,154621.84738807558,1003774.764945248,307400.8248737743,597987.1263592147,248320.31268416913,652637.3419894186,235458.67611224123,518070.2140676766,503466.64921052265,484864.99631420564,329705.0754654545,1299543.915323284,391650.2878458965,589662.7162959595,577029.40735772,381853.82820917125,744650.6911563554,468644.08972786117,367653.58275497926,303097.0805894829,704948.4868759108,120834.44234437961,181557.18417850314,185971.81353920954,915999.9727474218,414612.8091564265,415619.4421848133,117822.40950660182,152513.4698002116,367186.5916894302,552721.5173783832,345920.1660577439,567072.411985725,916230.5712593454,821611.6233780487,191286.79446893194,482110.03966265306,520621.93681489024,192980.99536172018,317308.3920977243,1264608.9502462132,334003.83361900924,814589.45571022,141305.82372434874,272878.8872932956,444052.15348986513,1911155.336482366,226704.26343166025,808901.9656643053,564556.8442547355,219203.91541751352,937662.2140219975,1303508.1048914178,700875.6229311905,176020.8331793578,470124.7310500659,318536.1949325525,1116807.8858001323,515110.70881644,338470.025972965,1128074.7413127697,271075.2215866464,205173.47425695683,512052.1644987375,682399.7330805153,485544.27332113485,1093692.0231294336,453632.44153622293,183302.24617019694,360010.3026620929,142167.99333887562,636121.391978534,877527.7962790637,1311283.312325956,115583.62712347525,1004033.151557341,644274.3341556948,710798.3119466517,126851.12366364972,118299.70422576152,1057596.3065248216,236337.6593763465,190288.42451824978,477755.98002240766,521249.4996193627,914826.0230106472,152925.219772608,494968.98155632766,198578.17349646674,1051028.9276263968,423231.797410165,249975.0429359018,973226.7067331591,359076.87341918534,348930.4798437738,649085.714555752,267667.99369943544,235996.38321554635,438273.79442512087,672636.0922312526,621572.1057112246,1354012.286502385,479807.4652072018,144426.34246544156,811632.9776883245,267208.92919119564,132753.8989669363,104033.34805007499,876095.5201882839,339771.7241935649,674566.3895084657,203873.1977918661,1083743.499966966,267441.14547001285,191346.3080644336,276811.2199075253,328619.4807204529,233931.19233541464,2344050.956598973,136960.12071748902,416508.0213923375,395300.8137974,221062.034662462,534099.0463912972,280903.9922663862,673209.8514899131,248254.50192515325,191375.79726515574,690199.0541043647,491917.4167632248,82086.67860831103,165141.6064973286,562279.6643728961,135193.44432344835,436017.1227563154,1085035.3043219994,560564.3218417964,504930.98384640645,1206497.6958284928,364542.96691689536,382000.4525760942,410896.74068196036,598192.5234089642,381770.8422558288,153532.81950447298,533093.0715398071,460312.77613630606,583319.5465724373,2319719.346250936,454170.64244313684,422545.48269723915,593058.2237035433,343222.3856051156,362664.4111835363,204741.06659709878,497048.5694279608,413922.7945649328,413236.76560227375,1597007.2822829378,210148.3969179786,710223.8686844157,541483.0846354447,441812.12729429064,644454.3091052074,541185.1977065235,497450.9359556145,538874.4915986971,342322.9144046989,717068.8056763699,192341.3132913926,170253.1065479078,430886.806699236,530262.4254366955,515619.06220734504,1033721.9282647568,969537.7652635957,138032.72645651508,1083503.7959599434,340815.0305837755,939156.6217913353,171680.8348632794,206393.9976415446,667800.2807391668,454682.6516170946,551729.0365024409,334126.5580426129,479791.49861188175,654530.0946868123,235566.4225630954,677220.2973762511,511089.11002326466,522503.2377291437,480988.3709743384,516694.1028405731,208508.34257756555,211813.24832973164,170961.287182604,363197.9639941687,571307.2330847908,1296797.6413649316,976988.5229619757,635355.8241859912,242485.74144661677,182877.50078821715,260266.79320251828,452960.0375589675,318902.08057104953,514816.25829529885,141862.74160137007,474374.93106990575,311273.7529878636,1325318.9360398555,637567.031328673,169011.90432231015,169784.1140621991,1144398.867518442,2432980.5803680425,433173.8185622486,193067.27117907963,231888.1090563504,624765.1980528642,1530014.0112057119,163260.86892349483,295067.1128661015,111983.7663255271,267464.3824910671,653503.8398595753,483578.47023891687,415642.6524963407,908466.5141301907,121874.29317677637,247990.0564307785,337992.0899729482,1848208.025719613,716847.3553330291,1691908.1030453078,517169.86288702005,1223797.677046291,301181.29524446797,814401.7409479737,972236.8705593313,2171056.8532260307,411830.58881781984,155158.6575979442,534903.516304261,845378.8377242114,244976.60057665978,354683.51759434654,291872.7045834238,471134.779854339,270342.28656559804,631702.0836451482,415282.8659548406,218397.14683126306,534059.285753553,181579.9420015012,333597.65882561187,774365.7339827447,474018.469214278,712700.6374789752,471118.6767714364,304376.6708739697,1091672.1629887489,365104.0006368023,1369066.3152719014,168340.7065861386,195716.10291125166,367050.2981859523,1207140.3311517437,1367922.117744432,1013120.5756364189,972283.4846040613,860374.8231473458,314098.9058635331,200297.93264282861,909052.5540679856,142629.65836734843,935053.0361622225,211192.73346260682,224041.74120046853,404320.8509186291,194822.14432682155,970766.3941331523,269128.4775596734,490793.5502069452,855895.7350579863,1064086.1774370635,172759.74398457087,920503.9882603405,369567.5935352607,474782.83501840004,306711.6750481686,623880.5925574434,131820.34812532138,366809.38055666396,1371900.8481994357,233187.32599889254,170707.2468382052,1129982.6037707673,481264.8469927181,252637.58704062802,1237181.866371148,403650.300408525,378196.751176596,396686.2386380368,320301.23209978244,322919.48004976835,297784.8022710322,386983.7518038274,414725.5631729288,687955.7892266785,256233.7794182772,448571.0391901527,1056354.3576546484,609629.4074964968,1136773.2434001018,592194.0413573377,425280.606401833,251841.91491093437,205868.45259126683,391568.6718418916,1431201.5123081657,818709.0093012931,667520.5505240621,442329.54181983013,509749.7814903863,293921.0891468287,149839.5113466274,249823.8034738613,357757.77415832685,327733.8361447728,352043.23866041563,1194040.6914669105,663270.5418315168,900312.6218988192,695845.1804697629,325290.72812979715,682481.9443860088,297982.54397069354,673672.1326407595,344634.11021788203,691800.4142323064,620531.2147751076,553017.8688763477,1045689.456490671,229078.80951461996,334921.2660535473,90450.50458527112,645784.8645698518,393889.5662702805,326475.1019060918,603776.4003492831,269101.30508708244,891182.8560119345,188146.6663700381,1484727.6762044814,316603.7413790312,665291.6579180409,666607.4641141921,266773.9858105243,158912.25952347505,302423.0796180928,636558.826952863,155290.9028308395,563661.7762537119,280673.6893960585,276898.19309384504,415204.3788221513,318170.6966155376,493349.8463659284,397453.4608757577,128743.17808763955,1309073.2456843622,352007.06913043716,111817.2305530877,283732.62928399915,320533.6163049261,292125.6707217027,208874.8415472684,298606.30436765205,820921.8554119483,795937.4195728272,216458.32063361612,341506.3734740133,461792.3023040733,225830.33495535367,192678.4343186435,183078.85092156922,743796.6880254118,203515.80847820436,276364.3187000535,374125.37374866544,306814.3916328872,138340.7450175338,316196.92293253186,775376.3080547057,636220.2125338961,297345.89545591176,308001.63017046725,596877.6875161189,128994.6421763006,376958.89248448727,383809.84510777105,158779.47745590133,496860.50043382414,861390.1465139121,1026565.7473803087,596050.790179694,508821.10564411024,1182822.40566769,315036.63246695173,221097.96970815537,1300043.7400377183,975671.2424418741,204185.92778821616,169323.24369722838,934948.0139140511,837472.2988249308,923075.2623063469,584764.2092607244,902888.2637431951,381404.4502623041,588248.0616569498,130468.75706315089,184497.2949901495,408725.7082181617,608687.8893053074,304903.0285012334,216603.35348873708,132200.59842097136,310907.9006454061,305578.97875030787,634657.6282121066,684693.1570429049,469753.8686765168,303924.56262920523,137161.66310085298,398513.16991465207,1326661.0733513008,245429.74162060907,301541.4624782428,883001.398820497,398225.4788876863,205556.85868227613,565832.6581430298,365145.5393389355,795700.4479556442,558927.2922398683,561246.3055960207,265495.71137558256,248175.16332683634,363200.8591357691,596682.9685125556,1541653.9092553149,398678.9141858933,585205.512403637,371951.93078076444,1513012.1660112883,924010.8470077735,2976026.716763942,300268.204131693,314412.9869164808,307789.91334965196,274256.19882881467,1106038.5541828666,496476.91450452566,210237.78525184022,901608.6378180396,299381.51179772813,327343.8731833719,354372.39307682065,998091.9214265448,320414.4388171416,277255.5469293352,157731.87987104928,422970.8905251868,260530.76566752538,267347.3120003676,567151.6263716395,218293.3038366035,438257.0511965298,264628.02543596603,734841.6002396742,151593.68355710327,711287.9395365013,141963.67027134623,740729.4646804302,403444.8292455749,1322144.7008088536,416014.90066385805,309285.46736665315,556797.618229178,191021.58022130234,928165.016705355,764235.5610654092,1930292.3863020532,853105.4038711127,240127.01324881293,460636.2821987562,213927.63296244878,185136.253133325,277902.6489117203,958787.5952226507,209679.0917306611,398432.42509253795,585228.0896993558,391883.69159301283,493581.7214213963,432098.931689996,188404.89448531077,1073436.4965396086,569933.1931898796,202325.9274660453,275114.3875597247,169535.12459932576,1742059.7192301215,568205.3502989393,663405.8054753608,1112691.34410571,685325.0743271443,387663.4914647085,241468.28076904247,1051773.4331329358,967537.8827447159,413803.111174518,237870.2038372778,385213.481847504,404261.0387985581,277716.8160819771,874781.72889944,327775.65802781587,330970.06980234635,671292.625538485,367337.71873889363,232723.5544442037,542853.8608358916,398851.2467589858,156453.92081402172,224387.9107266614,901156.7553106357,276351.52591562853,307790.1154391225,1844685.1613698136,497846.1194557718,1450521.934201449,295950.8921143016,1109684.7575102078,212511.81134323787,493638.3994583082,161514.70626726802,624076.0445901514,707915.1739077657,556100.1360494068,117857.11052604987,340118.3252653494,345361.9582551894,406204.34293357923,339030.7167823649,248110.5844064791,307872.9950425193,857810.5501794347,320820.55730539776,273380.45532944496,329816.99493912794,663280.5006162468,812552.1134484095,675551.4640068254,308163.24198858143,730241.8986269986,292399.1684159279,495025.3207823796,1395496.9493096569,2148332.997313796,248691.22619490424,273863.6394736275,387870.3778457444,1447301.3438553486,236354.2295837867,746360.9869056479,374306.4233848747,387707.96870607155,1235602.2490610657,326079.1137507595,328917.19989455416,358242.7518886253,487327.7359491072,846270.5154110343,678493.3593915526,1960136.2393202682,313712.14521383744,680910.9334759163,382279.30624388304,304030.05229130475,417013.56214716466,373042.59405061643,1270487.2697633419,340429.3042150904,546215.5666120785,276615.8221310074,1051339.3295973104,945403.7318470987,720782.8425603529,126577.36117404643,326833.824836891,874208.8950013532,235461.85424502057,500294.7825918493,641376.6455657643,195429.82283423035,1027621.0103687915,353116.5669046467,834714.1012023856,238075.29233856106,900899.4418365108,575139.8689932172,399551.6821038645,831659.4158175748,700373.5923076235,152607.75325536611,1252348.6238659674,394524.322569489,448399.4720412817,717027.4502509867,243816.4202369781,542117.8378875584,1102664.5465694442,251865.27058572613,449109.2912775225,795884.0260648194,424917.68912105873,461440.66401684564,215902.05538366496,452583.9566157176,460775.783077042,325027.5382184225,927953.7778953061,322038.6827688331,545880.3487283833,992063.6442645133,238576.22715889788,719608.9785533661,600413.7080452364,666385.248651925,550170.3206431965,159956.7360066301,2274484.1132030897,481121.6400991504,311831.90291526914,893599.9534331617,68513.10010454676,731912.6504598282,563042.3280023212,656856.5743135122,229503.44255203533,711730.2301936278,626086.9260573998,989381.9306044725,837923.4088762703,983759.2394300705,719853.233646271,1559279.794607704,301093.74668436096,184255.14363802294,253027.21296297226,413758.7495984368,362544.3854935922,230024.5600041955,347126.64437817613,545500.79360339,168170.26665620433,629265.0686809693,1155510.315906536,151102.770743361,403914.6755994344,105964.73271297026,632953.8672776619,156769.72749930105,225670.72395065366,445424.73688218626,495128.7320318792,949119.9224897808,167740.3586836338,356713.0323861988,1003238.3797844098,792637.8993291494,167527.02814323685,1165205.973016074,836007.9958842663,132823.55233631417,351061.2272565584,749734.9380104557,1119046.6720088813,538406.7639950679,172281.46888639932,609628.0810645152,1022416.1343375536,233984.41154782075,435313.1426267989,256798.75977011124,653829.7924232417,277235.7188512253,82685.12412099417,340583.9762531645,218414.4743771599,457505.4369796309,862384.3820588514,364359.27470748837,1156728.2789596254,469359.3008835101,156679.39639321822,439380.3315565518,65836.44555484789,222229.07184955795,655448.3012572324,162406.50946352506,420375.5908131695,581918.283618072,1037504.7648931273,203546.3254659182,602887.9839270253,85796.98617256709,237258.8444083308,248617.3703699717,223183.82241173982,656792.2030933783,699160.5983662562,192472.60726172093,1144026.3088711642,200251.07069916188,261027.0288897431,181800.3410024572,420272.15728893346,988680.7550930999,342913.142104666,424369.4362831534,375744.3331422989,287278.3824657907,287310.86691923824,524439.0276407979,365287.88712588826,221175.68108665512,260930.25411794457,232291.95761046768,1227001.5825449757,746210.71280194,269697.3171993681,227733.78444649192,1000001.921204322,812221.9320152043,448153.38365700614,780488.653913476,319744.9120408291,350791.5532369658,1248015.0893292055,386247.9572944185,1269519.3430733646,531183.7164403709,163276.34865182257,823898.9200280227,788834.4691329448,860188.0379060035,451510.35040576255
816750,591255.6265453715,1648637.4703565494,119884.22526868827,209538.087416811,453051.14986994246,415384.36465556937,275732.3503631614,80270.60052486547,261045.98671444965,445509.2853700024,289692.1104812653,452661.19960304984,963024.8391760762,98718.5147064268,695044.9343759251,220787.59530143638,126869.18386085119,314215.04882036574,87287.06271265901,324348.1748029771,633311.5870221264,250112.94552724567,349311.7412899104,359443.5250017147,228742.55632461642,337563.35593970557,641839.205104684,489217.458607126,360855.18669337424,540683.390987802,631876.3585033894,420329.2573333231,311562.25603285513,398130.01496224426,633894.0601514226,558295.1888038802,231166.80462158023,261018.3386726071,779475.6222605681,146775.8921391449,691532.5325357224,391219.7508814233,166467.45300384948,148284.01821462598,480924.81711265276,345178.01580466994,215324.32599158012,234935.06501673502,340886.60092829546,662860.7135739716,190236.34005793167,199597.92720689683,286952.38606274605,368410.8707702686,428144.96544408356,331823.85009284504,258007.63332427398,745438.5625466297,619625.4307319528,216211.39276110797,314317.56061293615,187011.07359162232,248035.29360349724,439001.90558643773,213270.30870132387,437226.87679659476,385640.6732567119,465241.3579073921,407176.37854972057,147566.44260965675,411427.9019712198,598106.5687434768,436153.08112038503,189615.5559298978,190778.30467154956,968233.7555274931,239470.21042622664,1038161.8846079664,515631.2993473048,262141.2333106425,238516.7070766616,1039564.5902940745,632578.1748993527,206519.96445898424,346659.3745569977,873271.235127159,891102.4983705934,182184.74152161716,392216.84735738626,503475.41300126526,185766.5827043946,223206.70864257464,339992.3355417477,313778.6002372544,290015.881381654,621788.3416916231,225373.32325327507,206612.8930120866,346932.7560422097,134993.62810812914,761140.4849357334,92123.75449795094,1221490.9495633568,389723.7560135812,714307.4251314043,679220.6017160834,662486.4091774243,858105.0673365671,72334.6163794415,198518.1164463138,485061.1053294202,271745.49870005593,698994.0848381447,371078.1078164254,360649.4111234324,490192.7243069066,407711.49735615146,207632.99009434195,868179.0155015523,289141.55715422996,653108.7391899672,823495.3594121262,1375454.4616014978,561493.4496201412,488740.46706444613,388754.34265356936,472126.0266815286,281903.09720520844,217257.0361070022,335265.6484763937,265868.8759688799,83180.34855099297,289617.1961605422,675840.0175230707,133721.95730356287,424997.53127966175,1096242.104643875,594086.2794424074,898523.7620922165,250155.0099994049,826025.0459177623,813455.733245263,385500.8520924316,187539.16675421793,425328.25808192854,270068.59873164864,566883.4882551458,270279.64633624116,698441.9287631348,368366.79868182255,796186.7499955003,574189.1173687425,389468.6808563261,405166.2806253838,366629.4364507175,1188135.4970677693,941066.7702240167,243395.4986800739,273373.2772113607,745696.2023455044,495060.3502342107,122068.10753609487,146194.76426030835,1110557.845881787,274712.14244393504,924976.2173083683,412892.13080025115,92567.49020504467,165852.60154800132,171315.545026196,214923.40114353647,969290.7885009105,972585.0623934923,106872.76635634097,876075.3547905675,206789.83835969665,530402.4347312968,274433.72501477896,248926.1361037015,225904.17206972121,991501.4603762503,378397.62113797467,223135.12793832997,525026.8298664949,235214.9454666532,579875.7454878342,315885.2920979984,251182.24176260558,522619.94704051793,290387.8192173404,233582.50963454272,287993.2542079274,392488.98925737443,649093.8829134235,100459.3341109019,516943.6439187163,891203.8844058618,165692.01394569426,178261.3805179895,558874.0610089985,274296.632491752,663239.0166138876,323606.8827858921,250636.6914173828,288350.7774538193,143711.00005820245,718425.5275931708,915400.5435218213,567373.5969023699,389337.8094829394,768440.3447862567,486993.17282965133,356731.5765226502,674736.2301285889,301983.61878119106,295724.750365539,399937.71794610855,501129.0458320652,349761.1785066604,315185.718023297,1055591.8335113097,583303.608572663,508704.21832596697,478719.2133191111,345184.0269056458,429293.3909228905,214809.55169871773,530034.1567330145,652755.1935028426,273800.8847226355,1812907.7405128353,820683.8895970322,298287.9790338732,370970.99677063915,230847.09002287997,403574.6094576563,832696.7807987998,558036.1197898707,260269.39226847677,152230.61126109696,240218.80439672564,157518.7245003583,316760.9410028756,596510.4450568984,227483.38681019406,426568.3306623098,483307.1663761193,638745.7659461137,371575.0577428234,384014.5405337962,553256.99180108,469592.26361233165,262834.05499691283,368218.1605065777,280784.7630068987,98476.4769452629,374841.7048212679,376659.7125743257,165441.29675656135,89633.56978919753,456906.87292052136,203936.27008716858,558168.608061626,462637.5793938929,668002.2723642567,378830.36636555975,502328.688957249,505000.2861134663,261051.11980915084,607083.2246919121,193643.04440171484,504897.838011089,812040.3628937479,149638.54572912885,446670.13502230524,217719.23843743798,216964.18110185923,660889.3872157867,306089.8912186807,609478.1816514471,455998.78564134944,841476.8336287247,323854.83686444565,624984.3693062051,492957.45029856643,189649.4702281517,419985.21655691584,279180.363227652,464404.6194791897,1947878.6506362304,395349.7360433289,723342.104960036,233012.03694172893,281187.1439388469,219021.67337476963,213008.72866936825,181271.7076535468,368703.9584704413,474008.63464460836,400680.0067999708,2047022.0007171086,355373.98340855556,452604.23615599563,867209.3803574503,654749.7985223419,452311.3151621773,226866.65687017835,600699.3894885259,504203.1117344062,199567.5304319187,362286.3951577365,661460.2963016,1270809.7265562064,187120.73643145684,336480.59563612536,422459.678754719,659988.5538400343,387208.9138586844,335915.545601919,172968.14164311474,388713.7666516756,277205.60784379416,193674.7877762735,438036.56021665386,505405.5466422866,476763.7765992841,506142.57881749957,876908.8394630662,444390.92885428166,174544.63542563393,269803.4425844049,249477.49903334462,513038.47350157285,1359484.4271768131,462801.4875391372,286874.42607751477,77388.66559186883,320375.4487961283,584443.2484174155,1110380.4423071593,880075.9980230491,682213.7138113981,992033.9975233662,788945.3903312376,212053.75256074156,442055.96031840704,1356201.8664398384,303145.90707168455,206008.20999299354,215792.344942204,226982.08671271318,472055.57536934176,989040.1351723799,933648.5496440578,295700.9269094662,777234.9807638723,201225.27727129124,4267858.956098804,752458.2967677873,277076.04525406304,781402.5703354019,391421.4931742109,342090.89935725735,239315.23362077028,359980.43333245866,375287.2963496767,755162.8032581252,473791.9962885508,274999.5460290179,222679.8501768252,248464.496720445,326206.9117117493,155413.63034673722,263851.5240436801,551658.828426204,251178.36878358474,149038.3662693737,381016.6995525833,368752.600743309,548204.0281186629,381606.8300439077,382992.1244088762,625004.7133815887,287227.59069360874,117962.36198654382,1074242.817069499,593638.0348929423,595108.6870241496,78618.68018306089,550684.9716161222,588838.3502227699,264893.8533415412,1196563.4169225888,527148.9271217082,839613.3892046087,467119.3151485696,275314.4808255568,203306.28598531213,259968.86688416233,190629.52221136578,1680163.5079894566,221036.15662851764,739872.0230019935,1479104.9546679058,329757.6007734239,371054.810351412,362327.7864767826,515926.98653730174,304901.2475354429,471725.65443942905,458410.3288081158,260164.4310208914,320849.3371533391,614357.4270669367,537940.2896164295,503223.30674790975,382437.9363799241,548632.428775392,492699.3562567941,129224.475707721,417231.4818820346,313695.105546475,470099.2992964108,146560.76541499535,204215.81199457226,216972.68311435534,467686.76112007117,598087.0808670507,976757.5243765677,1154046.5459687838,623296.0691624146,185169.78403300306,2970881.350032684,189936.4127990433,225928.37443660691,183375.05406192483,267649.91866101936,451040.8212625768,286541.5086610079,368885.590259142,252342.25995369404,631002.4250919764,1531035.7874695389,674595.8444495981,331777.5799198578,319425.81111156044,210330.76965439875,1814168.0617385763,294764.7181415864,282139.3296783748,124667.83867616991,777214.773182667,535928.6106923628,445059.4617145241,544616.6163236027,424402.3990923993,1494589.9638262098,320237.9751067911,561152.1440326576,1204656.3577106073,305305.77052177745,275522.32971758966,529545.9488628673,453039.31867442233,966736.8389345114,333963.8197837983,901564.1432529537,340296.29439570656,768033.7460718249,161793.7745590109,2171794.65970029,853908.5950756962,195930.47172849005,463910.6190173975,897898.0812767365,595101.9327131698,328267.8953455449,333341.1698784026,805082.7434998096,508636.3140131828,368869.79198120564,1432402.817297456,799162.2431469767,403102.73575722444,438499.8912289223,509888.5097162869,619414.1253330634,500361.4691689289,151978.42745986613,602754.2490434375,485165.69848738745,448490.98140356166,643584.8506978676,710011.6414951648,238406.6874223847,1548643.0548305197,2061404.1724905914,265005.4359953914,468454.7733911103,519259.5031589543,311680.2227877755,1445668.801759678,510800.4100575927,266221.00045922876,742156.2615825048,891564.8432616218,451726.6863245104,627891.9774753503,307348.1303406256,242808.60606919965,686478.3737328738,959318.0895716838,379492.4294402421,1645324.7993239472,1308520.5816556152,461615.7325266021,173037.48292476928,1475903.1761791715,203204.8088199778,185792.6884036454,481058.6256065155,394125.1883312892,468062.7676730569,477117.9810440515,389428.9342228485,371720.04393685336,393414.5195261284,119806.74776093442,123433.18511346019,837888.4948130717,349023.57735818916,448587.1432188008,287562.4893612422,695811.1979226846,179323.17771214285,139763.18207293632,126380.75757051854,153048.87014631287,268304.8960721391,1092016.7983154966,430365.52582719526,312271.8520593745,365447.34720733354,202119.47555116564,413278.8721865261,179898.87385979504,309408.25114859856,286627.0814102776,170798.97212087896,217346.55985824377,223099.9994574156,221393.13577597906,702272.453525706,562375.5496779509,358644.41644267796,269674.2065043921,316602.7889722606,183798.54295250936,657784.691957514,389549.7675312457,316248.4067359111,353446.0256639451,730799.0437221021,111896.30695848199,1000463.7030521778,324336.1264177352,570820.2233396828,926059.9535860023,374218.4744663928,379443.4298279137,925563.6364753812,825675.8651154327,385442.67793555994,126368.13248544816,59350.67630426493,224466.66679833314,319487.5936905437,149122.08471781656,286493.39641849184,202968.1192321001,764952.1999779894,124733.07458410983,272528.82809130225,1313819.4648920828,891471.3253266985,405761.88173900853,293864.9660599557,367036.63468327024,455649.84727315704,630732.9697295222,627999.3295339448,1819262.6990263315,655532.3341863233,374259.23377411795,161579.82053635994,553927.1958654361,88577.93769003113,383906.1643961664,343810.9198555526,287553.8816564795,220673.6977682546,298903.7686066527,389713.21543038473,299161.0297982691,580437.3219610457,274375.2158965587,814368.486174789,170763.5421730072,930809.6890546778,657313.4209437168,186701.86495258095,444298.9571311537,1451961.6241180885,225016.29317117823,351999.14292128105,903459.1102191859,229389.6817871515,907156.4667344219,412170.49570825417,213598.3310840668,666119.2681242971,320913.60786441475,670473.4584071035,483176.55267042824,577311.7987803608,3056035.350331605,311401.4283295114,235137.35440328272,1033908.6406415529,418764.35554496135,690397.3136607914,656974.4185982739,503638.4280506807,199289.16782331353,500571.6018092432,220077.8885060086,242829.8057964156,747518.5073872955,332236.56066409807,442934.3080432148,646152.9697221494,114858.28309001194,148416.8508181225,767443.0344883497,488550.4993549572,1542384.7730340108,464267.4272842963,815934.6557665659,332039.6534705075,581015.2338553871,444483.1222015898,214672.032044254,796670.6120628237,156338.38960211532,1311747.6751908977,203665.48531215667,315860.40544307017,236641.58870447238,492915.0299307072,595839.9917174366,1068975.9672950893,901369.8386189139,444954.72947496077,500889.42596776545,463628.20684547897,640165.7708045257,284140.3662006549,225099.074278806,1592617.7522776448,573540.6491616417,450409.79767178866,654372.0127422111,297087.4312109349,331691.72586330643,416072.7828147833,918533.7080277475,531702.9766064072,892750.5987120791,261090.7068235251,288849.8355679555,346366.60379959014,190520.1200743584,480274.1432711429,155918.33477635696,994137.4464062159,2465193.66208293,543654.564524241,726602.0573176087,434862.5799303525,566394.8478901153,429377.08637841925,899077.6020470228,443417.98532556393,726093.6117124697,336232.7003936816,773640.7994498037,202931.40791821628,256367.50779826607,1137378.9331439994,133856.42535554504,1059342.414951498,522195.2526509231,283044.16687076143,146790.95373958675,230620.77084664724,489016.09905817953,131947.54047813296,200592.3347623703,849050.0778008683,783520.7505341951,146518.2221022903,218594.54180608995,336361.7134439418,520413.4993140202,1516277.097500074,385585.336601413,550382.3494759338,1018755.472095854,542043.3615343991,1253160.7257871456,173337.97058550947,353947.6090029982,255046.48007392738,328955.1116906301,724434.0274427411,354073.9650098745,224145.6988454172,170342.94511637482,525556.3499312389,363635.6447723335,461499.33360668627,309270.404297711,353174.70313859987,458276.40229591413,668925.5019743673,416604.8491269312,1612769.1374602672,490074.92176995426,787598.582197016,943179.0076251408,995035.9079080647,350371.34285906126,425099.9104665228,763938.8771411629,335812.1388926247,230366.5332041745,764722.3650469382,956143.6484457038,743179.7081035599,436080.23590995796,379915.3534382229,598566.4624264935,682035.7254886783,1636318.2631346653,499882.0080245297,390772.45356262533,146059.15737150834,1308067.2543613887,346428.05568101077,696002.1498268815,713910.3873138666,264215.88620607776,309864.3128973466,795471.3989672972,358556.021091703,203511.97793037683,347891.7501701119,114255.65139892395,310236.71936188516,631695.2193893018,245212.88951772184,992274.4981334946,1013947.89441299,167620.21020558136,361092.0625167099,489740.68057884986,944481.4951865668,3309167.107270712,604606.4052503024,291813.8964938681,178906.0153896931,206642.36526836327,524165.25931532396,186262.37767749085,282440.0737525144,233076.15650641892,462588.1765927171,273611.92582131055,587079.8604723762,800802.2683556079,885270.4336409388,407550.77801913914,377462.2098455037,338101.7105827097,136119.62408399305,134649.2772679197,232614.50123152943,442040.8046815293,657619.2241881322,161817.7420354914,929135.9203835204,192683.96661921067,472096.46834562224,259994.10511776467,274325.3072320661,576299.709327829,123544.40157009623,571094.0290213103,256719.67166550612,93599.3290601535,466709.11247585516,518959.2134504754,242987.26936527112,579479.7746549166,239125.61011477886,458358.6240450075,577204.8610247483,1138620.7412449128,352463.4887671243,408771.41121659754,186210.13670963672,332410.07161798055,287951.80070103635,309355.13883219066,303740.7255870915,231139.07106427156,318453.52289071307,77046.11521791446,335094.51957013254,98234.49188033046,228958.87491680658,195777.24124960383,179591.00322127095,449118.8357777898,462474.0502217679,784817.3658813147,229099.55195088158,102574.84475518105,181804.98290474137,314927.3420910775,269682.3213929474,528158.0534419222,938896.8826965697,748748.1143809672,252976.78465073043,499520.8859441881,336280.59330883867,1369435.8438284518,545261.6513627545,954552.2267598284,1276343.0683139146,716573.0997109073,580278.2318836219,748371.6226578617,156669.4623074497,634201.2179483431,1062288.7220499,416284.98719087633,454202.6517423679,1696296.4107021405,409452.46187291,173952.14398470047,144735.88645780148,343603.6362535918,436254.3121781298,183602.71103080965,429367.51399712934,374215.6871182451,386954.2798695421,420659.3427101691,259149.5935791748,628816.8277910786,324642.61515818303,282113.02952161327,514195.8116996321,691126.9122380423,160446.19945413776,308608.55006637314,652964.9302124057,395999.9087735119,171035.0699420716,975216.6663421036,326214.4232363863,551138.0092540991,338168.96927309915,227653.82599235527,172474.18198592492,569966.6666675279,291791.4525884583,585568.7341433712,341407.68828366837,419802.3797744717,571703.2865745164,234037.82318735062,565052.200650896,381215.70679433976,149572.76458620568,563351.3584502073,546185.458068106,437636.2934210242,378615.12993812974,1063602.3830150415,301579.9763768318,740878.2923644063,461506.105137372,354401.8617686553,381548.9692815143,689878.0262243345,180819.22062623312,474505.2511624137,278850.00102191966,914170.2536109103,418508.79881212075,870359.4700550667,1299514.8278232147,339123.90206769406,471801.05381961644,586205.2932867442,246078.7823797064,591076.3223106121,415741.3311249629,385179.37715213257,643523.4729018925,307373.00788057403,462195.25616049615,558312.2626735723,509790.4475734764,128404.58726829571,142090.67949676476,321665.3897060883,1114232.887634882,413961.9016408721,265838.34746996,260243.96347247215,858312.3199123616,462065.56899662083,363382.30553802184,842052.7649590175,499231.21580167447,634424.7708843832,1663702.7356771163,424373.6671233202,464485.7788617939,1004107.8401673995,1039463.9987025363,288573.7676720195,1298385.4642536591,855558.2557106641,657650.0016344939,1048577.7741146917,235608.0641616235,137808.3599422184,224047.23687702822,207997.7564278182,172217.90070247545,320576.8530129973,887842.0676726069,750156.3366566355,405888.8499791445,157039.52285999642,341550.6880986165,267206.66669695685,291061.8536252698,200634.67358994347,374785.54158485687,253485.24103455432,225054.82862476842,470018.8628616151,442680.7318338229,497156.42574417056,873264.9483123416,836052.6940103177,869714.5721452667,155235.0346702563,408298.36470657383,517491.4751398936,748416.9878489402,473345.65011769324,524256.7890888574,548984.2495281164,572431.3658315857,362873.680570449,347324.424646714,1381671.675731743,253824.86682892428,141221.2386788154,1217639.0561342766,606575.8884212314,238952.1689863948,283991.45557836624,3035612.6049918304,344145.936519152,973203.5579386579,348232.87859195354,195068.90259965174,770457.9111722545,290916.6928161468,378400.2820921605,783789.4647370777,428580.79932773166
325725,97028.40833614934,655716.2665052734,1016142.2248339059,714364.3671157691,584990.7582200038,296271.8421386424,115731.83214863358,302728.8645769408,286325.95680844365,566193.49227656,163865.30979108185,271947.95430702466,966967.4393932014,169539.406959331,653327.5726295315,920693.8890394676,185783.89200780785,396905.8992645925,146230.93786489867,1233902.467551784,199761.9183247935,225518.91302042722,824754.5201236384,806043.7996705478,634301.0168685259,437610.5252461827,279747.4706920955,596336.6153513773,188068.84272350153,498355.5372671817,146706.08562438615,895094.98948697,424265.3973534293,384310.1123995592,213199.21307999038,520675.7488031459,581733.5031046392,431579.1825291147,102006.85446468493,517664.6551967476,958325.453226927,871453.3583076415,183626.11200590248,433035.90984069626,624114.6895336359,422425.8573050906,1105907.6702576024,260859.37164705124,84038.67347693234,1699910.5704819327,201054.61660553882,498888.6753792659,2077240.1691557604,361137.21968455845,222489.88809393925,244646.4506988183,257502.52122440466,104997.09766596479,247666.76807879008,233844.89488726636,378278.3461734348,605620.6024175673,1067698.9724951054,881823.7798412169,346271.8453312912,630951.2276467796,182153.58361617167,434445.7820317247,1119179.5456901137,517521.66029847716,145577.7403403622,473268.00925214164,106006.07596706074,415259.20888516906,1702425.5121902667,329868.04995018564,336344.818903421,256641.88518310565,269321.39524325717,839522.9324944518,980381.369430845,752004.6196333169,330669.4390841624,384170.8411736128,343037.5098499417,171630.80338952813,746994.3447572903,306894.9307707036,624239.3319991159,378077.59144089266,540767.4229549355,609625.358501241,211640.1611637402,796550.7286567563,293266.88124009845,455803.60225897917,152209.8734121718,785467.968625387,356219.8682640018,497761.2225064787,353260.11989956046,391618.6600161951,440586.8675736016,205778.8809372395,224445.06420888618,673476.9932500584,191338.6966567924,797897.2068043565,567456.3104836631,1044661.7563542314,807604.9441017783,569589.0397022115,448781.99023973796,444245.34605249093,185124.3370450286,308439.74823049805,144495.67282145677,151070.29719022024,687383.9578530745,175931.7813226223,122514.40463272601,165921.54305049853,200906.39711120923,199524.4342244848,558403.6798182992,202836.4400439118,1486406.0344064885,242394.63143539114,459827.59305912914,386815.5544953909,253225.50988508188,598755.8272145736,618494.1030035594,561770.4826595435,751269.4916631514,524447.162052516,267340.40121629764,351831.32285537076,371838.4757237443,538204.2895865156,691533.605299028,423112.35296307167,207935.59511419892,127780.1781903586,747925.9867413531,426254.8833467079,716066.0173282922,764686.6245759184,821758.5113543977,270245.93924129737,556311.0003622036,620617.143538086,231662.0356019444,250430.4245227656,215915.07449616588,784780.3880145415,292519.0760182122,190595.7594091969,361114.2801945523,712753.1778417253,540421.7934458009,405831.84910233744,272310.39548818476,175421.45881216685,1216338.2159246723,724717.0320776914,108460.75884769173,200344.6606243432,294653.73004240537,674501.7073107212,198909.66304145602,328746.49989087915,329344.17747214745,876066.4762485386,192940.76488835848,383280.00915988826,406024.38794759783,490685.4495660058,451782.1611118978,134210.4846991912,525270.3026565372,150411.36540607948,204545.46085757716,180238.80333779228,426546.09709579,668752.0443094769,1236687.427170357,306012.4652990142,392004.5230073119,741149.3133870201,369583.321942883,287098.798845311,483277.1840015582,904835.719058741,558770.3205392566,449588.5682786812,108330.0610670849,328077.4218038081,400345.1145757822,421392.8475869214,389905.72333443846,391635.6896297258,236893.77266065514,337716.0516475497,718531.4295120735,272245.9811292879,177780.7910478809,617556.338154092,891135.973027946,799052.023285743,430593.52776576293,440040.9600555956,409688.4667352417,413058.1420339901,223669.05049443766,692426.0824764548,225432.30268554448,142331.83291906898,1325302.115808492,235214.4370065551,1487883.1022562813,826493.4766519143,519243.9505694465,836271.4470792247,770267.3783945419,863034.8116262619,365109.10048803134,496690.50628203165,173207.26603711027,625964.0657337139,274013.56836780376,289819.68464947696,325992.25375611254,562454.2000371728,203729.47262217858,231438.6642708622,144965.45010864543,99735.99499635672,518263.80465015385,558312.3026593128,545649.7656005132,736437.3984152651,518907.52037598845,323204.7327665012,146270.1134373503,173282.39019560162,836793.9185694477,425307.0896011808,1164562.5142085883,682968.8391522601,738784.7286866856,733219.727855376,276844.3196578076,407270.4228618135,1034470.4001975632,430968.9534697095,1415794.0394672272,375384.29610076523,339399.29165684484,499151.28299204446,167084.4474760543,473294.8483112939,2253888.835711716,572875.0583303391,177021.05853925398,447734.9375873213,225826.89878551714,612356.5126763902,636221.0236322121,549280.297498224,146979.10533833134,429004.4026641206,598404.1235650837,195115.89270936855,417180.31809961743,602431.5538097686,97770.61797887266,329463.6818689589,438252.91978284187,812255.3134090375,198029.93035813022,290606.748721063,238892.82164465237,113323.84345444664,97235.60792729266,732798.0026847128,1064287.9348478052,805675.5618650612,159452.3909307389,476023.26403758535,290200.8541561142,456605.0563218353,386825.2827035731,267961.7490839049,1720733.8719638232,732730.8961508059,231498.26287721886,188579.98424965335,969039.046956525,261986.17844796221,356716.88043169107,798579.6184302142,496405.48457178986,258458.8329650048,771310.946744162,1013608.4071545246,414369.7119872892,551116.0327025356,354471.8547073449,441654.5788474627,545587.3687482366,605569.5150583392,718673.3171464559,480652.88853474107,263596.2395467067,1121586.7199555803,181827.17642879538,1633474.8357209528,516109.8063895414,124467.78768138422,655164.7558067051,775836.0262892487,93383.88842561863,385439.03931779426,239837.71267549478,621834.8464028455,510019.67715588707,501368.2167436669,695262.7546549473,350266.59823700966,1517021.873168379,510439.55780109845,574074.3166490272,490791.7569591657,184092.95618552863,1047718.3713720201,183694.75546281217,368480.1931832563,2191018.997878154,816928.2506777823,1042029.0065700441,210621.46892595614,552015.4873998371,672409.7179498357,1613540.4558584588,596819.5494725484,257253.12184049952,476028.5443330448,684802.779210641,278522.2342944712,379845.5685911219,271215.0225910788,373667.3026513852,375399.34253072104,166735.5730578149,243988.5272703107,523471.5997908888,607048.4448044961,975135.2373065231,286944.51766812254,281427.05817986163,414429.7994845393,250895.41140644258,1305788.5665784841,204234.10733750896,246887.25473715278,254657.27274295912,502765.4348514358,117211.91984556844,913785.2834860135,453787.6149913363,95416.76601918334,492541.8697624126,911029.0672457796,621947.3457691236,160512.46346044034,993667.3375971856,501294.15392482857,161597.35237099393,248222.0213316373,836604.6080852104,1323132.6649863357,349403.8973887427,220225.15079872293,718357.6420366536,625603.7470050923,278028.3002117792,340225.3770344844,448442.27877456584,658114.8887333643,529831.831010239,486714.21478409297,501130.69517012825,350720.7039266024,1039657.9933794179,868313.6143514076,509558.55823538,371673.6725332639,694160.7268311663,242942.02547132623,709412.0314237808,201251.45917867296,156825.60440927738,398621.6596059718,180635.80835117472,206435.25191655094,293723.5011802012,317071.9016187121,183103.6924280496,554252.0832622009,1565038.983994961,252412.80344072016,808652.7441063562,363922.58967583324,990523.3199344262,200243.86167293767,705424.4428681055,169319.34440212592,315241.9828643008,192765.00378502306,219600.09555675922,327447.4656736161,903835.8167139967,207082.58711539893,607526.3139015705,691928.2600979574,1677031.191162626,246886.04629032093,494423.2613722466,688214.481592878,485425.96181106864,260415.1595081472,422221.70159163495,430110.84028356464,1129425.4487085063,217577.44781628935,532302.7078430154,646228.0208031139,838848.6533929625,604676.3701907764,323684.6229516886,940224.1072929569,170207.211190459,267136.9092459024,777230.3377789631,268257.5428919283,524921.2150223558,768675.866369733,311655.82975074253,699698.4081762446,565737.2646383289,394591.78931417014,1410086.4076189925,1049556.3459135701,451472.2842160903,139091.48981348917,1065772.6119297426,315328.318491983,194141.06910023,578895.6722457979,558969.0805449723,253463.9303555802,599675.9364062401,806931.2971273931,358053.9864249099,371562.2492894674,396072.07632424583,403054.2242196555,511991.137692726,489227.1540984371,728755.5323715219,448922.9933795134,392195.63208892476,501857.143147635,120271.28833095537,488009.4795659488,352525.8460439982,491540.2555892603,120149.89883405373,836824.9654170878,381145.69939049415,601912.0991022033,770316.8534092184,166557.90082457755,347239.56885639415,1208762.5602304763,258645.9103962465,309352.12977523066,257493.41218778433,283363.9819104525,439023.54197806586,379135.1750262691,228995.52585188055,535776.4100535032,248095.30864377884,290487.43866913434,342155.2135175043,677608.5943992482,839549.4844372121,237433.7543120502,490393.8052065375,1616759.3429551949,243611.83169195626,3135619.191317439,1104114.083815655,284482.0070536125,210857.10119693077,229026.6135616589,258131.46872907592,470169.2936072628,264216.5993825483,210367.65058915148,262613.0057182353,735620.340921411,452840.5422544702,247725.72099221556,532269.6914448765,389333.76011590933,2824935.4217756367,797975.1395968711,324923.3868067922,940022.1056816366,284704.4072369532,118185.34576981553,301391.2330100529,289731.2854422,671669.7479611717,176017.05150599315,383839.9800278211,249932.76599996258,591992.2008346145,1070350.099587056,441305.75413173606,838821.0371733799,308199.7007187346,60057.26296325792,388939.9949962284,278626.29351484653,688869.3617609199,694429.6651697116,168429.59994196452,701281.5697512284,729003.9496610949,1163296.3106706361,431249.3322046157,365988.4116816176,131914.88096860837,205129.3130112227,377202.0265076014,347168.184599877,220739.41159052917,734522.8791646151,263450.88967359293,326353.5262703597,569335.7290739068,917381.7430907399,393675.7420356066,208189.0288722871,515040.1970151475,480487.9178518037,1281462.2777697735,350787.7935544405,290490.5791134934,303556.06793502154,299830.2063008725,569420.861469885,1327866.8805549534,1048482.3012530444,218895.90683536773,681209.7408488592,276702.2532045878,1601076.4667447112,224843.19671101109,424878.40817126713,234466.03203541882,536676.9626328271,267682.6722952188,406689.4151079735,289555.2489214841,457528.1600932465,598622.2674136995,296468.36608577665,1154517.0712690246,503300.98355465353,661195.1500491053,228959.53069925736,434197.58681055304,283137.4776881873,841773.3027259815,935231.0421408066,317126.4628327046,827929.4616466619,492905.2769817891,492655.48848040984,572975.1088117334,413999.69226654986,385676.2508076313,1394957.6958282033,316458.613421087,185819.2005387425,632978.7082316463,549596.8038372787,469687.94114924764,571290.4873279665,489486.6579762333,364430.60668955976,150351.2737009523,791512.7142368418,455268.5334574868,559282.5921510133,389476.5104568157,203948.18558006844,1116582.7229800657,549025.2827373098,124354.12271406331,665002.5745297807,239872.04203569045,665261.9668031764,435316.21539498674,599280.6912504667,321919.7918678745,1196070.8546841082,781765.8877884466,955063.193387697,510757.2669863305,188083.3810996222,198002.23868798828,69606.89168538745,322476.7455191886,236138.0338539243,457206.0124461181,147315.11325070763,282919.4355469351,537164.8731975089,555726.0202967058,280248.7784366439,686577.1958809706,434253.2845942752,242469.2126868973,243295.5151922657,193988.68557172717,357838.9689233332,481600.8534413172,465458.24757009064,188220.8733245588,596013.8262353641,461278.909022565,919426.5340920574,1372506.9709658308,527287.0309273279,153051.61083225548,813620.8311527234,440213.69267573167,208565.25990350058,469495.13936131785,154007.86017761615,689439.4348746575,219060.05015638593,119073.02029356232,535322.9171695994,568465.4878010843,406983.0739698421,484805.9858744102,559293.9938268386,287677.9189959667,277117.9961179838,587123.3947432146,712045.8523942103,523846.4783032103,1112087.700623656,623857.3677098162,267813.3297995621,370687.78882068757,282064.15570376243,416422.4176134738,330486.4259260856,284051.0064381779,792581.4732729468,383124.6952316285,370002.5987164999,437010.43038756854,266002.7279991878,697971.3453811699,416099.7394597501,291059.4469664721,264791.1540382668,276851.9685913301,557352.5144491101,451937.16165477136,1274195.0266896156,356430.38752496097,150449.41269230717,1132883.5266412075,796904.7001888383,757179.3850289736,813494.6337101331,624882.5280537289,174287.22560191044,724446.0434117818,513343.23855858436,309897.8082244746,645853.8235564103,330743.0424452286,93656.98361697095,675662.0145268873,890604.3539048614,128973.77654286567,234927.74485209017,374255.68629690516,840692.7437900878,619927.1738849976,383065.91496321035,571684.4574665226,624365.0394162596,489168.1339879725,389456.30191981577,365479.0744249584,210525.40773861718,499132.6852376823,920186.6973352855,549855.1751907791,115965.30572235619,658521.3840140086,411139.48158597975,361431.9379106289,408537.940182526,451375.80172000243,161034.13740888957,522595.98593545,454087.20952622744,644840.792906511,221775.07379559666,279930.36905447947,561180.4014380083,243373.2558853507,164855.11376077306,324878.7633451857,498715.3759801099,223891.54291339274,544347.877700106,249341.5081809204,472005.43524572265,317653.5220722191,285842.8821207779,631787.8500106008,1606860.7660487706,464863.6847769415,177349.4298095661,245983.996626115,591661.3644027418,603098.8314628091,1059271.967156495,175843.06215924348,111446.39195175607,811859.6510201516,119220.86751689519,416476.59748537693,265683.75874976005,595667.9422005502,152774.4446476168,234236.23684463647,450565.8920173432,789646.6073611255,1484407.4221344802,371433.3316287898,194409.9784179737,1276585.1189181188,183048.44906543448,381103.69773374364,547308.9044190374,1526597.4534773976,632592.2899942942,555649.0013865294,180803.10330050866,805335.6192912342,995104.3428428717,464753.45680142747,200166.9375240588,398018.4081608077,718618.6370111824,684796.3732440282,143373.85976964186,250017.05179926904,475440.61271406664,368707.80040625454,1272966.1354169415,362552.1502921565,471655.63751259976,435648.25845526415,261562.38694401775,1147983.609185236,183579.17423939527,1282530.1439263248,216705.09608369909,219983.21814016215,532570.7831826379,1054989.7966406879,684089.5678986441,503714.09716191207,343581.9346935178,608254.7919377312,639588.2060380256,602161.3683319028,585750.3265455079,762355.8381840163,365212.05814122286,798337.2109122032,649462.3863448151,188896.33092916923,1038606.4902195085,459087.97885924636,306528.55963712465,485349.00250643346,414734.729452983,298506.8956603922,2729500.048753818,303966.57202257676,665429.2615424386,1361743.127122479,534702.7884272737,899804.6703974127,1322888.9648830607,130470.78776672958,417161.5343589305,367962.6466165541,611866.516566713,128835.76551948416,193667.67384195045,116186.54673207816,294134.66296401946,639494.5414062674,576974.950428141,564392.5072966033,390334.0458090458,341271.76986889,748779.5978342867,837540.8059005016,376031.3785162663,780452.331678744,369290.5227252969,913566.352821574,630863.0381140215,173304.55157517735,576246.0421781697,634757.4511291496,135486.2295697822,359782.19280921604,648559.8885278375,859784.0900730228,907845.9087011906,474068.72718857694,251771.3355618747,563992.9265088774,476576.72374295094,466070.6613294791,682693.1296124371,295726.2630114404,430071.44278542046,388001.9487854745,676712.5893630661,406670.6338281006,529307.1134972686,427053.0192308531,469263.5929413024,469309.41374406253,179745.3971208901,441143.37651467643,265269.296843309,528939.6905698763,591501.779700965,612208.8065126467,390365.1849487881,379907.32212331844,534154.893906122,2813858.6933192685,921425.1520089102,277410.4617275299,320447.93487314077,232126.2130579351,277881.42711175873,505219.0115156633,268685.81433717,879591.9299380501,184134.34971444157,897191.5665913302,982694.22292958,321006.8680896393,236428.21587169575,962583.2804081866,236934.19958046102,405166.57450649247,762668.7132605348,807163.753085784,291270.95506975724,434615.6540256214,289278.49064532574,277915.9712403727,718301.2161878153,1066471.542529036,194871.99624424096,428888.6421716184,530397.6033058366,1338394.239877741,418192.84606611554,348669.1769362948,193964.78099130493,528324.1256408673,550944.0963748953,239775.20839260748,508758.61275496666,422468.97839971696,1073958.4531884855,571431.5213121333,396181.98284753866,420492.56253889675,737220.0415338214,264820.5844746235,242737.1909259289,831540.9606313272,779165.566842105,242570.9608536521,572598.4382475468,580484.0083836934,214319.77985534858,419074.2512302724,413730.9256421068,374738.06070710294,809350.9193055585,250972.44033249925,435102.00348987535,616607.7824206705,1080635.7023716255,450623.2620172479,604405.7717629032,1090710.994536297,250637.25387102697,352393.14877177594,271836.2868584156,1931356.1257910975,1264456.9037846075,505139.79253958404,227415.36557427855,431947.19685709925,371580.37167796295,216313.28047611605,266778.2542286153,522301.3990664063,346706.9419713458,755003.6828255882,974359.039715588,535834.1516880756,368604.64061045175,415154.98108477064,166084.8738936779,97909.29316948303,415899.11205132265,412632.9441029759,219494.7326596995,333697.83935673954,184399.20163800629,606915.037605015,1044223.627416503,700589.9534938835,424740.6990560274,724004.657468378,400728.35369900544,574195.798141294,307860.69258179807,568452.2814892071,451719.26303389063,345692.19497729774,268130.5527681959,1105328.1479694138,140168.45390769694,391749.3868961115,407365.6844267757,664606.0999392936,744161.8904900386,675692.5921095959,294233.4123934903,470649.3321319683,305427.01675331686,270578.47683645977,678581.6622935963,255643.30966522123,615770.5908248813,292273.43918758613,719515.6911008541,415095.4879492419,944099.4703551603,540551.5735214116,471669.6932824212,204149.68331481394,734029.4393980157,880827.5277885885,197102.51625730444,206305.0593918116,258074.99338989786,438963.58947493165,779841.6424627507
1186460,557037.1483095031,571310.1727425889,152871.91352667823,502531.98708317056,531426.329776858,526884.6959127903,460964.2362175991,559768.2365687009,564851.934788334,1335544.960401524,584681.2416990611,510273.2614789084,295259.94912077073,141693.79495264005,715368.1087077974,771056.241500808,500992.0034844108,197265.6337444492,359097.75429247634,87754.86913726898,309403.66321506305,315962.54799997044,113814.9828786507,300467.2455039435,662798.9596834662,342258.3754190673,370396.4141367951,293188.6705270088,347664.61339429003,313136.5681487682,699085.3657027644,1108739.0957164243,241784.01936928005,400094.47061584867,417120.9868382494,315096.538601317,659248.9789357723,312408.6612962965,180633.001669188,320764.54352769145,264113.07727086503,731490.6199599333,1866215.1998977354,1369651.0384398624,595881.732691581,532596.759837113,739163.9108805044,436317.1843923597,579993.6858049011,351672.90629914444,510091.8931890962,278556.9692063393,673990.2974942568,654246.9370974172,1280557.9419816746,625996.4295400856,129087.59377388978,821601.2877336501,377790.5433632988,1051792.2580214906,340474.24309638044,124920.41246532218,192628.85401319526,1368248.222503205,425996.6298141438,471806.50525514886,199495.0614609105,260816.30222464298,174621.38860119946,193243.61362966406,273019.37364375294,401437.12068090955,284726.12914075016,657081.4688474885,621139.5473660692,312740.004900399,1344152.1690616065,220337.27205724586,608784.0952897752,270136.0285786671,415058.3048600259,1485673.6914745918,481127.76050512004,591857.3018777226,305988.4531729244,358610.4540321317,1089063.5627407222,1121744.1825322136,294666.252272572,314712.0612350937,356950.131316813,387529.0010097912,367727.98221380217,253676.42209359692,176694.55405580293,286457.18682444247,513974.457020929,374960.10593701666,381816.810898212,524548.5400744231,315835.98470021226,501177.1187461672,252844.12206644873,350314.96089131694,668777.1604938594,292275.0082922726,599485.1590408408,158111.96230909092,332329.9987060765,821467.6893687387,355260.5656375422,222843.7104477344,871398.3515432774,327551.80349176744,662014.9837384815,941234.0627854158,471709.973291361,318359.84424647654,413960.2021174693,695858.39872933,1289475.8428415293,205329.14529283522,283610.82101199054,457620.6770131643,281804.3000794347,108605.20637431295,224848.17209269258,201670.1521652761,552154.1315913388,184212.20402397952,668135.29479548,973866.7469376058,542366.4495467761,637218.7212097978,158754.15794610832,521656.80489595834,155207.09055065372,146352.39105671184,473144.2473798459,726743.3109285295,344488.04972578754,881121.2356570369,222115.83920517244,1126942.0784725193,1080576.9890715529,609367.1675060883,665173.7470315838,1772083.503939592,958296.9740262306,309127.9393788785,776739.4092495542,435933.51121221215,752701.732237565,529045.1070695346,338800.5306475164,597709.8672037154,203605.02831810905,341569.59860810876,343834.6426601526,1564638.2379094146,202836.13294620317,493843.9741605752,329719.8157456284,554013.8821020243,179127.341679122,255631.41935356733,579689.0428146338,868799.2044476159,1210980.93025278,102096.1056049396,288447.1057400068,71367.46883733214,552493.4816110407,230273.51426692246,707118.8146178544,913594.7370647856,1156681.0705908793,559752.8689808395,638878.0147934743,224886.41470836863,112639.73317848633,205387.74406482,339561.6473396302,798249.2340915207,1487912.736086277,950888.1914095135,205835.84251783337,695756.8072544906,353949.85455913853,230546.89957691875,359257.9601136588,356363.40067602124,210417.54772886744,370387.51933941856,257155.78009242585,831947.3445161523,287390.31300990185,1084471.2240918954,273912.51199553587,795085.0418464642,234822.83409940216,271350.37909840985,671951.8159681817,543127.7321923944,240772.93529073658,705057.6309102058,870148.5317197723,715565.3577588839,275381.76707363385,164268.3372526529,526727.7692253888,370711.0267398701,371447.90706322365,125067.09353762066,382221.68529742054,773354.9735706238,723419.2771474747,138912.14410910197,342833.47116582515,171492.07184272778,373100.3024061116,287074.6351855743,433965.5182398959,596950.6390505149,577927.2646117511,880168.5044020117,1148936.3543637071,1077077.8427970244,424517.744014433,445103.58278016374,605198.0162411385,460693.0967594481,355626.09642443643,266000.00788586226,485576.5760273279,177772.56252161277,623432.2089433246,1905369.0141958576,245565.68030989784,241307.31941552454,331698.01934237615,284055.6298248766,1104411.3056735317,491404.9147792054,714553.1055705516,786929.4733515155,212931.8442811301,126492.98065165889,202525.17985775834,100129.94827086142,433073.3393486467,327985.3516147123,467003.4613877061,425115.4437431712,84830.2642673236,367561.30947335414,316495.73713856115,212384.13063942708,636899.8068728286,306428.00514515734,706922.773741092,332411.320607008,224341.33603821925,307307.5430764045,419503.171659492,212160.02040966475,1154648.7713555396,1062865.2420235947,506907.2547380942,143767.51674796312,961751.5518260926,479580.7994344566,281273.10332017776,442570.9078762806,312203.08938491833,402921.7836961977,421507.89995362307,534866.3217980616,459937.20097558416,349276.1163876982,474517.151334203,466202.0162792984,964456.1123899026,463922.7888528338,526462.1240392074,467799.4152603138,488592.0598310771,419613.225545723,374701.63594657567,339732.6262194957,333269.91662703507,2291292.5048535354,320423.1857036859,62482.87253454835,418546.3320261211,294329.89229930716,171292.7767284263,1657585.2602886506,142812.7868932003,559736.1485542062,631251.4625364121,1425905.9057740623,816714.7237269417,593259.0357574031,268368.6736600341,593686.1845507276,427851.55389707687,163979.39725465074,405739.17435946694,183416.38088652666,442593.13081944163,252478.75032775686,723174.022933089,560167.8164771093,1074732.6822451805,216193.28827597667,179119.85750308915,581557.3349587194,297566.2771645106,1057330.3608110326,240136.5521236223,241650.193408013,542342.2965430932,263988.1345430208,1840926.801524951,352983.92290974804,153712.34836674077,312340.69898850925,426831.4726617145,588715.8628012767,428044.8459213078,543433.9262913304,398419.6528495584,289562.0394199434,881286.894269383,169484.2450566152,1407313.3173428813,262124.25239402038,404363.6920665133,519929.7553746068,1662026.8195334915,774911.7406122652,97199.2665740815,898355.5586202504,135977.90152861443,677078.2241298682,540141.3805815121,392446.51292210806,204916.76341817674,454640.3868271948,425141.73132378573,508853.2040833467,353942.24057077133,325218.21708594257,537634.6185444295,739344.9642767268,523109.9603389049,298896.14809239446,201845.66013742125,185982.57826721508,787326.9739898002,602771.8371024487,1002107.2501593452,523224.943008287,256993.6763690591,719823.0693705374,361387.18256234843,511682.829733419,1518475.4860291653,252434.3981646762,471323.82717491046,206974.56199629992,391546.24225630425,1005701.6837660961,1142761.874107803,758047.1505339555,471647.4962716184,488379.5730259195,472668.27676794364,339784.7464789286,307164.517524833,398924.3483571461,903565.59634646,697880.5890801523,261043.60880343724,242606.84181026896,464722.9878443012,853101.4888024579,325416.2883427577,1005705.0207440148,627090.0637605715,248072.25971920538,408626.85069193086,412022.3011798581,485668.5812650101,283318.76858081896,449464.36940273375,409035.15208541637,498055.53731993306,1156788.3858798856,506020.075450516,788753.2108333117,1444811.820237208,719165.1365669433,32184.802045671837,634720.2867451685,301417.86492764304,279393.41582961264,695557.9674293832,316299.3458763736,449108.6142881948,328382.8672039407,249813.30032634045,657299.9220147975,498837.5422981057,692182.5230379989,938661.3459868382,537853.4328068497,753932.5622635245,532629.1779207995,586486.386632903,1037086.160549627,181739.8611638474,243521.01708313063,232895.33242840634,596375.9439691335,437633.3810131745,518586.84709562385,162475.63080741046,861139.7779362065,755386.7323419424,114670.02079689012,1452093.7268068674,969486.5200520423,219573.56589177533,590802.1582912307,242336.3551200625,1506521.2669175807,493462.3142716931,216961.30017698882,526521.0898015471,581307.3060969405,279504.31549425476,258639.36496698618,281688.36171603843,312191.89312902105,927193.2578215633,533238.1262732154,455433.9218992726,590565.5912174827,231852.9439022673,826271.2311087773,131090.72414324796,242020.80696501114,632282.2331728298,1019655.1986765758,187848.76498030612,438192.9759192509,1684180.2691906074,520642.495021162,500658.724450543,411772.58609804383,624844.3806068928,361640.29809958034,176341.40752939254,815354.0396208729,602008.4230445668,423003.8671207375,463707.1082430882,142077.83874148986,1400559.3264402167,1311582.672868337,752450.0223171177,575067.6558921771,666972.4567860675,677475.8983402416,201344.40949140833,735894.1573444176,683484.216087429,999671.5415736424,135795.76665657558,271895.3020180673,558074.5246135913,296162.90641576657,1455401.708089967,572113.2242175756,255144.20502896895,485974.70695728454,533082.8350844873,830850.9058127083,1358299.0055134948,333128.324160704,608468.7008160927,804731.9481626264,240891.78934848896,791858.1725732686,1348886.3548765238,318684.4361078873,472388.7003967136,296976.612297107,716076.4911016141,151005.99802878196,447166.5656388447,300942.3534877851,709003.1835274494,406216.0711146014,835261.4398004638,511141.62947668904,337043.03193386423,370319.9596166087,578702.9955638031,636044.6331100712,156234.33936473547,175170.89602844242,1274244.915511415,1018659.0451145523,448696.6818301883,605971.9856786054,110971.34954796519,569165.0889889641,752598.6143219039,438754.3680600257,594657.7276069524,393804.6597706598,1084168.6087404191,281256.418778684,356104.05733287975,556641.9487016662,475121.1945509344,134363.8776690386,475999.73021558346,879675.812573054,540341.8032074056,364476.31693926995,535256.8451506743,1321763.8346328007,261353.28190104524,933577.0767880308,425164.46753795265,850427.188665967,339121.59649364447,172036.84089323875,504686.74472509924,659649.0928193976,479030.9854063974,729299.0817631838,271005.7695482568,546050.4339758462,376796.92301969964,571941.3104051558,713246.4459434821,1036119.3880788977,208634.39468498493,283344.63948924764,644250.6060739342,289503.7106359334,955278.9085097859,744737.947247773,216002.56623338055,495497.57911192934,444704.12766782165,224762.32295320183,197867.1817625162,986560.947704627,248599.9592204583,726154.447006541,648038.6346426171,523635.53904012963,448194.59253521013,567375.2242583248,468381.6738109698,950490.6148210986,361761.2442992203,563572.306583346,226210.09455662023,699021.0302924679,223182.70272653576,738300.4117327685,557685.5350724346,833115.3868567996,463617.9495810928,635701.3020867768,1161234.4862477928,519197.5344191568,245561.69083606228,550095.3489589187,631002.5585963228,732652.389941712,564469.1859697319,294414.4911091487,211332.5045632008,616445.5832899585,89214.3123462365,1761465.7183249672,339822.299453659,339993.5500443927,824866.4162301393,524158.3456532926,344328.97447189,333998.59962919797,900278.6250102487,587977.643739081,1130090.5291352735,211962.44945717667,671165.4225343893,654257.6205453082,267103.9963289022,507500.14963405294,563651.7262992811,611212.168885809,513515.7875241945,460975.52998091007,276119.76374516153,325245.2413931224,229806.1900481741,345500.9186447072,515423.89791358553,409879.6411859567,752170.9646114054,1608900.3689981606,616336.9431516068,424616.4371637537,667437.104506116,266886.05653030047,494300.4231316894,350144.8486772701,457697.69852652843,187875.4012846604,605318.2066262526,298424.5862874879,442789.7109290492,942302.9665975682,472898.12215882447,431223.0027569108,298429.65645351465,2017750.5584359553,960411.8028556518,295636.833320771,878301.6654653864,395672.90837060503,383004.71263598406,547923.7602842123,253803.67012998357,622314.6287479204,742994.1617550477,524445.9127981232,406311.424682066,928128.8192825939,243380.66175622254,310556.8393227916,469621.4352775613,653755.6070514681,383514.0064663432,477610.5815484994,727075.6959577682,249453.1479690463,198600.0992550072,223239.43515648032,446631.75578463846,237968.33445969876,143586.5617941581,1024587.8139698816,606963.0050074825,550565.5344981657,462070.80607332103,403155.8385142812,752149.8669882618,360296.2391566231,220661.31069313703,390284.4383962719,363228.52793427237,302601.41044989345,343301.06159360637,316747.962618654,441814.4100355261,912706.0808541635,517885.48449798906,196211.11260369865,284317.2873152454,869364.6997268585,731755.3709532787,279617.7857646917,595676.2327515121,682994.2734243032,942006.3142382746,589313.8263404192,230682.5267474542,274800.19401622546,155496.28264238965,411292.17140608985,163843.31520347093,262699.66047775786,266489.18679556594,68219.02212636526,304561.35821062594,1417479.5633208659,678446.7108286964,317939.053393259,223167.71355538414,168872.7857168027,234812.82125647788,337848.5591658957,613273.0259518713,232794.76948272606,344410.92129339126,263693.97321445536,298178.624931604,464156.0949895757,627689.007225028,421077.6194483165,394075.60248688486,513407.0604046993,182950.7098393914,425038.1978102409,335186.6798577756,265432.01787436334,704798.8412437931,175540.24906466008,171178.42473083228,251059.43517954895,602566.4596787383,388669.16095618025,530036.9709488438,113911.49226642684,404301.0296557203,333131.23382102296,414350.0054232252,591044.72874321,549628.42706827,375676.53882608557,1645296.3443655772,1188878.8907112346,781380.9012237897,264084.715228651,521947.6439773748,262092.6627378335,171288.65011260402,418688.07788066636,124336.15823408602,495084.8984100555,884696.8001188566,707299.63425301,143078.42413100193,251609.86503861248,261436.2899757582,668546.5898422505,1267910.0491482264,223721.90308148006,247742.50195523925,517682.2919155842,478351.29504497437,274955.8239334571,632503.0132158521,761428.7184178368,284528.26572391053,327017.0021716316,116326.72832681886,534817.5229533347,801562.5589987,321848.5855027874,489540.5726152485,304265.1258576832,243979.499889753,616188.8543861186,712636.0982331126,556789.3976154407,2542141.4412852004,138912.27696575838,1166418.68718524,262404.18698334217,520938.5951401899,164253.48604380948,1400649.8157774794,259969.78118428082,247582.77909041115,644680.3203297604,520724.0697146447,1287507.3074592086,512557.2725363526,225928.13049959435,480662.87709334365,493628.1738318895,430030.9118282854,175901.58891701247,163283.444954531,133050.62948904553,151759.97834682712,1864392.5235256315,231225.82971854726,1199537.1632497862,730361.9805935351,233651.54123296184,254013.2132622786,229935.2558680077,1022344.8900782955,75636.4706475579,383883.2756310776,495533.44055494806,86681.71898487718,564421.8440259099,263518.2655493595,399688.0336036348,531372.6311864605,427075.90927511104,582010.1411246342,404728.3434009951,159386.6797775848,300086.759531809,410141.2773116408,625032.6919593192,663558.8654512035,620002.9427645286,353647.6618818796,1251138.8873280138,328696.74630105123,456627.60669493355,1226877.5186898834,221612.593070526,273976.8891151559,406360.9924651916,117579.9704595977,947206.1771521682,816887.2921116175,205787.98497617725,298579.40775606385,317366.19459202024,296758.5775980255,792103.4685822603,366860.1015337746,257519.4150820675,474963.11527953186,363056.33445519663,260457.2469270799,421429.1617779638,350079.7670824826,704694.0552194763,853639.8117941789,287418.41070103674,439940.6603346251,169215.13740019823,455355.4292397922,237513.50008336993,907927.2071275022,711589.8249575075,575044.842942459,642782.2582908178,2446290.136918498,161507.20125675446,761508.7763848609,142414.54272692645,317606.0868919074,613638.6758949275,2415217.4897452435,568370.9209133514,246642.48661962262,476229.7231290514,511086.14429822075,1131492.8170373943,747053.4714051217,1328995.8122329528,508395.5388348364,244217.47527106575,1443543.2480471237,426713.47405983455,369492.9061657932,657264.8105185274,113029.64292611455,353294.5034909543,908651.8485810241,819317.7049230201,792031.308185385,619885.1260142481,820590.1647495097,741160.5768537857,907933.3910400128,592379.3405660974,264204.7894106009,138189.50118046306,949978.8668924262,633076.8459848763,700392.397069906,782496.9477041491,579469.9917579934,108544.03657902798,329018.8704346769,905341.0118086563,572318.5001268523,639330.7734576942,304644.773978653,474275.0460251891,335312.64517500234,50069.745668465024,707364.6266220709,310304.79772328655,805916.9076670257,518324.47595354146,266370.39910783054,303250.7483530853,343611.0775954015,135149.70242748238,482755.2988482959,434551.12515957904,610339.7227035966,635111.0998762961,141023.5973515758,290400.82542317116,308876.0447611818,628815.8188598381,164725.26362323295,425695.24025068776,421379.6390097133,207584.89922985388,216608.44143210902,127786.07711199358,354052.6322048275,448702.4786241332,112624.06459196548,393963.74604056205,154574.2759979568,804758.392157607,489441.2957328345,525989.603343176,186121.00331355285,390147.6405489861,284218.585638439,547220.486439175,712905.1004758746,991230.3555492923,268316.30436827516,332887.2592376885,685559.4365317067,551214.6569451754,305193.22023597645,437694.3615033995,414905.0890893736,347285.7017408571,685392.0672486348,524803.089564168,285595.9192311356,347458.46960191615,518086.81521150883,731562.871089852,732778.3042295295,105112.8477691281,454987.574270386,348680.8989401154,361478.7231364235,274491.2516679531,439639.8468644962,465372.91447045153,384244.8472186549,335290.17680999346,1399925.8391730073,453080.0731828219,986482.7275948155,360035.3725362784,1013801.2836968321,738782.6935179278,415135.76196450484,228846.48800422394,356592.59637755936,173982.7211565534,237309.78118927768,693928.4499161874,166840.0370048623,272438.9570883332,687798.7303071977,1314457.5784206258,375717.92886416754,222590.81493063772,702598.6226406312,363004.0565021007,748219.6545969741,297602.8454511381,757545.5828407524,747476.3794280865,364721.6651419892,539977.5070968637,315815.67808692664,443797.90674486896,293967.91459943436,192469.37138022276,407654.317198825,524100.0963639132,208830.16670544524,758586.0587598387,403856.5947084745,500083.4862207998,328838.7384880044,640337.7881026323,401562.049672984,208065.93445145106,314204.2211989135,585895.3998958634,689003.6726036506,335575.3244879562,190364.69921266616,471130.8066509786,465891.4152030674,891023.4128996297
168096,535100.6651925188,545276.1833568035,436817.3398807421,518315.23075884394,1081952.9904782805,312103.277230327,418263.5890408589,395070.3667131494,1053287.8876045088,436112.4154042483,289184.8750515861,619471.7114411544,96280.20396079001,799913.1721217718,242224.67193157252,486877.3162521296,624879.0733167916,1023997.3853441204,255501.46010765407,553270.4813517166,264435.7923790074,382535.50423171395,254618.50520618432,239251.28243341087,1010065.6716323567,510316.33452875674,340574.2778654682,209257.37803814662,380030.70432405773,525069.2703881728,1105598.1413168996,777699.7746576741,268510.57432620466,423855.56018523534,668504.3369932345,750124.9689446354,713598.1784914092,592796.087467761,329155.19482797786,388478.5662933617,740661.1313138428,184221.0126782189,351282.20700243657,124860.06896704003,582924.7877584579,394655.0444295244,425198.343502932,361438.68953956885,323261.7015415561,555343.1455614945,566530.3191300182,475629.56937232026,300185.25796212687,935005.851778852,543396.5688653935,805602.6523991633,254422.00906376724,1171330.3345826631,762078.7778339124,378405.73954376404,543306.8243891565,453223.8213930562,444935.1690112868,369877.8408819794,317283.8488443245,385241.8740564598,161053.79157270573,525260.9433974375,186808.4913913294,658615.3799194399,63337.38163080552,519542.73344622966,402860.18739104935,298155.39349113766,324199.0200956304,548407.1562080231,573551.227509563,660055.731925807,105211.83676509869,319850.4651985269,199920.49600586898,455364.5084445572,231700.1659392444,464518.0717944387,979676.2410538627,357691.28622536757,476429.1904809316,453871.7246195958,520747.76701678423,331325.69727885124,345004.8580002191,301860.26873180235,172371.22296560786,446922.3448768634,152155.70585985767,155346.39214311697,195503.88503943308,240655.85867112814,352247.95360965224,789955.778332033,606815.7541392918,290129.2653357962,1431959.2556872151,314464.319634405,858272.8261897881,323090.9454423954,425651.8681556101,395102.2528063788,276431.2034561358,441614.028224401,548178.4393031154,381140.64579295233,462907.1126154644,1199826.5712818927,725334.1474343692,241774.63790162283,346600.11128924025,481700.37121267,314749.6504187289,1039718.58717365,489457.6793385002,997902.2253086712,283458.37626381253,206703.26280595872,1005481.991428273,231015.2832896213,1861149.6924081708,267837.102566371,282291.8797198985,526038.4024496027,1161642.9139095936,152422.04589392652,411093.9626368051,527679.9854749172,681315.2452623887,374300.96099303005,311321.385802404,414528.89336408203,303635.9525216806,446629.2395110016,225927.918605749,523134.5672587116,298915.40643410926,269717.61154604406,781347.6933422264,279858.8395197788,714750.9267680538,540254.6682994335,296059.9418924274,207460.9671867035,563847.0726740619,1056401.97690981,557568.4366804205,487045.4706523609,458961.602538284,1231994.0198357755,746795.3247478721,468982.9988761515,289416.306049304,307093.6181260696,1229494.1324953083,229099.65493984052,362174.2601179431,3110135.844508737,765296.6280501997,393184.3334502976,376064.41431455733,486241.75513798516,275261.1921539631,190638.062878194,376115.0393339898,480066.2082807947,411766.463071294,244330.440615213,202810.44087934998,1149046.9623501983,601325.2207051911,556190.6931810762,581659.7321909658,351373.5541355899,1326446.521851475,452001.08452759485,633480.7428225556,977959.6504856755,291622.98317306,401047.8452719569,475048.87959441694,1364493.8831527513,308829.8880959054,90655.26779246851,165390.03193280142,828464.1048290976,129841.69104253531,232084.10962693792,622869.2007828502,359801.15472852916,250210.46978533728,745321.17944554,613446.7061388139,625712.6583723462,379324.6694329842,309740.35608929914,544838.1019552419,179268.01159651918,229157.1947238189,1034327.542691615,443288.3108030732,687941.9112340721,140159.37406821924,671783.0866572734,64848.33452764794,192681.68053261572,784830.9670003295,267585.49139464187,1319547.6753283031,446556.98425019585,229696.08498983533,360655.4846106208,285457.70418185665,163553.383342357,549070.38658489,710852.4351028677,544799.7380365101,350121.7322555856,176034.2630768022,835989.5928071548,491720.9705124932,496779.0885906655,396084.78531445126,592470.7289288164,411440.8924268062,227172.6971725795,362590.1330938415,474505.4944317615,977658.3774411234,917442.2235268294,507396.052703209,173158.18370482576,474283.7728650301,319081.44292339287,335590.5191054433,217844.95904930992,398585.25779679994,504450.08889689855,336070.16470354295,296781.3046090198,290796.03960629215,221187.37303488402,151231.81192660762,193273.55708327284,1867639.0972818558,604607.3693232097,861909.7571060037,1000198.5554339391,277285.1907572159,1112373.1659175728,310769.5956859785,621436.9546246189,671450.038156967,286277.43925652094,510553.14431764244,320533.71515291696,147640.00173770764,659323.6586059979,333628.2550542121,599464.5305969905,415990.2276366772,213269.89321642404,356283.27990603173,263206.9054687247,889527.9262138443,183530.04878933186,720449.0200658477,682189.2823573463,516476.20174567826,524176.0240071585,842936.367480327,457348.36160706286,256123.148460893,301721.3953019488,357567.03510598704,621731.6745194675,722849.0463591076,292709.28847384045,354263.6611463524,522010.8594296803,850348.3135862759,537724.3516586181,570455.0677619233,427506.150070098,296846.916200104,284537.28123565635,365630.5835505949,323129.4129386318,315916.11207317386,530920.1814860391,621974.244415889,162119.39055106236,1251615.8834010768,143766.74575770483,690921.7824259072,271315.2089670236,254281.77866524336,217893.08955374284,694218.3519029137,744279.6825350651,209180.63101804513,1035477.9807283971,429869.2761214801,1503642.4345547727,250185.76090898475,222504.04354202613,227659.552627148,356659.3664825998,656949.7299111452,166582.60696192135,351299.0331930753,741301.1435312612,400010.0229645459,49490.66383861385,305594.02121347986,164027.49786806607,303489.88972820854,397806.66848590196,187880.09812256426,305480.8013636348,101597.6171857426,621681.5360453577,438625.0652035506,1786056.9057373877,351758.6681922714,189077.28494329832,468296.2095900201,167558.5382507379,390834.83011109056,481216.18535455706,589072.6258315598,448012.4738557779,1093233.4713599612,256918.04250380836,305122.7317346153,708875.4682550479,207724.6179147264,1371261.4250979375,471758.86850738834,361857.18887903215,492351.12820112775,261465.97174070321,678887.8077063303,412118.5887294752,369131.02947572054,357868.65378944634,472905.17391543265,431716.9148638726,175795.74556650533,308065.8467481717,374017.1833584852,3419919.885050084,156238.06902742296,611366.0602119836,208734.8591332832,798478.8649288991,258615.6824866184,206520.97739550643,902210.1998034838,617404.2863136587,643480.488188823,569005.008182703,945628.0294928437,1174085.262582397,265153.3573329405,125221.4753550788,416362.59620540595,396412.83093083894,220965.94689951206,749342.0033908439,831681.3587420975,126301.48021067936,171427.20015379987,620237.838291864,163368.3766687212,489744.0150056943,558289.5180451917,1699256.8724080832,542485.4955943911,414687.24322480184,303912.26475372806,328269.5972325046,801792.1469763011,245487.0696668794,578005.4687505198,327654.10189414676,839452.4774303478,517551.74205346266,475593.86454481934,733508.3536774915,355150.08199509396,295724.07406895084,656246.4374199458,215656.4644637058,233614.0872266788,176612.67676134317,340573.8263779756,1218965.9108717232,137617.2032620246,358046.5289818945,1562194.0477925644,410576.2931046802,608928.8520202847,460995.23052314034,921779.9423437774,803594.4404388994,363740.67666374455,98981.13012162807,332934.4203780763,664752.0055860772,395310.37951397547,497015.27921844117,174954.53418407423,276311.11674614204,887273.2496062546,589580.3464904779,525299.0393925953,577824.9367586526,459769.980351376,169431.3226427534,383800.6228231563,579612.9466927258,116041.97524362116,518490.99291729234,580900.1560901346,730914.7389625211,225422.5240399722,305664.9108996538,558881.2534123707,828707.4045086136,298620.12246750743,892237.616970632,401588.15737511445,177083.31840219523,382824.68150138826,304224.96939335554,369148.11440254137,728009.7639524722,1156648.6769832748,289491.41941626143,254017.9823448791,318333.33310143603,332755.80925362575,649553.8284625649,806977.1826256184,296950.6035450847,583691.9959028711,381195.2795579432,1162011.3998279797,490705.3602874699,487327.0714780034,227211.37430404848,1056294.511263724,532893.1710634197,1090259.921263449,223306.83507576797,328873.35159385315,317695.99764285405,475254.9626535473,178078.0120415023,977501.4866773963,426088.9556162934,145316.94994573787,350515.74160045636,665638.5487105679,524031.8007393446,440557.7175063433,723177.095770179,271543.5043832024,224272.1651077234,231110.4371421753,268921.0940851023,270489.40305047086,446677.9524152674,301235.1590090564,677236.142471266,538992.8810208876,1023323.5022865124,588651.1544784467,509885.0124634933,257729.2158841482,445140.8612301133,808998.2876357657,538053.6531946493,262840.9220280848,1093873.4688562697,669941.9723728757,463619.4885981376,235882.61308222686,546610.3530720712,869597.7815733074,265187.8988756988,271050.59497414285,657763.0935949632,377435.1701176673,848585.9456045749,795794.2217520648,408918.81057250005,428231.6997483144,385287.1151152634,236262.37533675175,493272.02514975093,183218.73688809352,167299.3897323166,163950.70113058315,209269.47287408746,322646.5049699998,647800.4051119051,230846.87625586297,308826.76804670726,228696.29750784146,205553.83666176768,498486.3323521867,211242.6749966857,540647.3874011226,496599.7094201365,591193.6029014741,459966.79754321085,252175.87838859053,1082725.5849320914,414047.139516007,1928597.2732269098,525475.6787102183,370215.57850912685,101188.3759090097,632019.4402814443,396382.35778937355,611732.8670045875,417911.17984196416,586575.647181443,378327.57346484595,393962.5880382764,318540.7735663598,164292.41501323265,641522.3644617719,408166.00431119883,570712.49809671,134962.95780200913,591319.8914755734,261539.63558593873,230690.28639356283,195924.0866823895,173476.14944907284,276683.51678284287,434766.3232838989,194213.63808520936,246992.73069548182,574534.2016665037,312540.1578519562,1173715.0920657364,313965.2221195596,231789.00302899032,311324.9366818796,1418935.2032162028,256359.20624987967,433896.3058709828,265985.0995601541,926562.2133382779,311025.6027381378,269908.4593959368,1080158.0273227703,260287.6833395543,231227.68838472597,924734.6460699263,797974.3031262661,1091850.1183112073,634077.4727466673,360577.8384591053,98123.83622249593,409860.1493719867,167203.33434276652,168787.61527020944,324783.8326699267,139447.56122832498,504686.0809390797,1295306.5794050875,590107.7612653585,426058.15243637003,315320.58116630063,1141934.083446409,403155.9478876953,391927.9056415924,280075.3442190051,338786.4964530514,435869.46861232875,240831.240140217,203675.5038990548,439655.0235740437,230170.6315260915,403861.4376676149,329106.10004298907,837670.5422944069,613895.2814321443,403266.741272339,163688.85186025262,295328.3322237419,501620.91265179036,488712.9005710578,413404.97293748247,271163.3420759458,653478.1241381512,223806.662065831,433661.3006445211,188237.64376403065,246110.5243207962,512845.477003112,335928.9832197884,345672.54654823145,303256.0741012529,612491.6123260853,408283.0143420591,1032760.467746361,286424.67151096696,266997.6119720004,727370.8631984805,372709.7398800421,222023.82144527647,979463.6617694844,1184162.6300576278,258875.19632421303,332269.694592604,95659.39458865287,370921.74471827864,415620.8036508202,1040917.4919646683,413117.69525776966,353911.3670999115,342025.28148906265,289524.64328302885,480251.8491632326,348962.2962172611,360906.54504864576,335927.38109199516,354247.30499079457,1110441.5280272882,219145.6461212199,271956.6524237391,510369.21262034413,252913.9887818915,491262.0961364172,545406.8114049446,497308.17916394176,569295.7275403037,543428.2969693824,261885.2833641639,503422.21023058484,695678.4806468356,477026.4507209557,277076.54405228543,344827.1284313316,634643.9738211294,360999.6564169543,472862.60623667436,318196.257974385,419744.9960029283,1252085.4564758928,321009.2289096003,1078909.4808124139,156655.35450623085,605997.9956682308,129264.97959697896,257222.9395334389,113768.33472988776,293927.0529007816,724849.6857365576,441574.79564871965,597761.1356645287,289655.65321012645,291062.62763993983,800983.8691977554,624433.1400295236,324340.6746109641,173580.42901631468,594046.1726532443,723970.3770423323,163362.1272010504,217505.07488009636,651054.0923403314,697659.8928396932,551736.2734493582,251279.65729799206,197566.98545932566,369516.5071352553,464373.3937252811,617743.7577175024,484064.4147698362,466577.6663540886,380951.97791296593,175962.13652982158,437341.48028437,605265.9653098815,239620.87869890235,271867.26159087743,556478.5733604911,294633.4484915846,241283.00188292153,144686.20980591464,521533.7925881361,856123.1699939059,610084.7521814252,862495.4122836242,670846.332857323,300915.56099821266,397906.43236484315,1411540.8717491936,197256.6309067969,284453.0656674856,367119.70682961086,127905.81988207689,959358.7532363753,725098.577038693,175046.98734213205,398610.5176698118,81262.64824317419,766026.9236656469,316779.1933315067,462114.41801779374,713205.6801044742,426263.29288582463,1528986.8127510557,577363.7774252566,226359.71881731862,246956.7610260269,396673.5208080675,235491.77403218826,169297.99376552086,284557.5048423626,499941.65336585784,292986.92899908987,542430.1765692362,711308.9277628235,312915.2939246965,553923.5150622043,406166.6010493456,180093.27380873196,238591.01882474852,1013633.0255000462,678451.9875371415,474345.82042968174,342489.2025877368,381761.7460692859,201486.1114918935,95967.9668837221,856773.418433676,632268.8429115315,379816.48344095075,198762.29206416194,290437.89712846046,223928.55704002266,306876.5877329173,330627.6188374691,278985.1104644026,206181.51044133885,336975.3956698399,196123.23621113843,316603.92689128773,451101.823147377,307858.657482376,667208.814889233,373963.9228947706,489459.88919657166,982945.0907198576,1237127.5272842376,213153.3283901177,174442.4926062355,1108144.9074782764,605552.9233618202,188011.35889310634,316921.96516785765,398368.286227788,345385.9989989671,920065.7091252824,409306.7756514848,136066.89380585894,507200.7753073547,884461.0025865916,301876.6646423779,229832.66713078108,504235.5229133459,405244.8118315617,378085.09703780286,861941.9361798994,528634.4809431188,690603.5577569501,1232268.0841346488,421382.21551937686,549355.3794120786,142633.60487812414,507210.9691838091,737811.0746547382,205836.95886077711,380987.45416089,125109.59564881805,170036.0784380013,111953.56567184134,348523.14736737066,507816.8523057728,606466.5773531359,522412.9332903495,622846.6138782325,333245.66276514815,427419.8586467254,174768.6879651603,1037760.0189299618,680802.339075725,791991.6532521078,236745.37553139773,636980.1625002825,384837.26511223894,295459.0335477923,865951.4526573801,169306.2466527011,1348502.3961785191,754007.786159366,1024464.64061779,313206.72001064115,174078.49278748233,584024.9066578863,336377.1979307725,965730.0988220692,426964.4211220783,145104.21532493364,176626.43758284717,425957.4399316333,949251.5143119066,495361.4131953557,471556.743720262,1184631.9298001665,297040.10660632345,410582.44168813317,314948.8730932161,505396.54594122746,361601.7356073373,616577.4985832215,296254.63525486394,379076.97642610036,633176.5258600385,264795.66239007073,554124.3846546968,464880.4041562927,567066.9297542267,134511.43077500304,1018936.1362800625,438801.1337814485,466123.40662716713,114905.1703723251,899160.3179059675,516406.4494390419,661813.4276917122,713363.7466959791,315429.5178056822,319376.9787664653,611119.1842047351,287198.0406869067,117677.12788270073,476982.4685516024,93543.40845500298,566477.769249471,368788.49888836325,497160.0102798415,858749.6825735124,739567.4597041229,286673.0676789183,80545.5228265297,585222.819531004,422938.3122405092,643540.8778083035,344419.7547027241,1111504.1577363957,805921.0081779499,394124.66704059136,633244.5763845152,583582.2412318831,253438.76742502014,165641.0709953234,395072.49316161696,336012.4116928905,558609.8869375383,794658.9019141603,530365.8892040657,341684.96877093037,604332.3103667948,293212.28293365764,195310.59962777706,903290.8939283191,927719.9766321703,283927.5953640148,727517.2866571409,568467.9971467307,787398.1547820972,515538.29673955037,436790.7617718485,365815.6465541133,1403046.3399411885,1503932.6809075077,112389.99132964713,262282.3724033413,242571.29486021792,489562.17758407205,512916.54138635093,579001.3502329965,2441314.376264778,542857.6830353246,471654.46260149917,1098162.9750747245,565010.2116966441,161282.59228724067,444151.1631948356,164329.5165416777,415818.5960789207,453603.6252871552,760652.0760570258,1133410.3848196769,506352.9788892204,336070.8253013023,364944.46369786595,781833.0575720095,457892.4536672266,355594.5259861884,862694.2139944611,351189.2428078606,358771.2488792104,448333.76261042873,254448.30537757504,237298.77523361318,254151.23924982836,959634.9440277861,441051.33077951975,296247.61874782474,268600.45170476893,972368.1981220669,483221.79042566987,480693.6217961038,320647.77431528416,379341.93591486017,889698.5962064305,864888.3088567829,353803.173538218,766204.5698734247,339641.0544364697,223110.95403153406,750559.1981335066,209580.36442526898,255595.0977578232,2414761.3767081886,244236.30779806137,1120448.1940175723,615333.0923019592,278428.22610984644,155080.03170750232,421475.9464835756,845454.8091309096,801682.1135905422,204435.47414437504,675710.07709185,213823.74979389017,111309.74771402082,463733.8098268332,318464.66715969564,603403.140917272,357384.6378954676,1207598.3612701136,451466.0553741765,438728.6364989594,460075.3989362354,523801.8955774361,478125.5830080524,103754.66440153094,262210.6033334152,461628.3316345804,372075.07017617405,717329.9106701345,638767.4601715814,142763.62038798837,930349.027974986,578401.475484081,769114.4243511023,196241.968611815,295174.48850004736,151247.413346593,218155.73136455484,825493.4928441902,480838.6303258995,730916.0184343897,609546.1641876859,871405.6789480533,634091.938761832,859491.0041556344,214360.37858413547,476212.94200038316,174041.99600959176,659974.6504901078,392159.9260704245,597274.3250708831
747881,545255.2998075426,124630.32684350466,126506.76510941198,76476.39085473976,623418.1101761188,359085.1133800624,512553.3198803356,328487.2679080912,324499.7773140666,394372.4196365382,1342878.2187129823,1143469.9888751612,370554.83740126836,351710.7181398831,697419.1781082615,201425.53069169953,106716.88556764471,403213.59852017654,512418.4951208493,211469.8473976456,139609.0674144938,578920.9557826226,1157347.736506395,368361.69749280147,191639.6393480319,225032.04401528393,397178.8243760231,548639.8018117327,311051.92643380875,212170.27606818057,345490.4320623158,224672.24491516678,192761.84244465246,222011.8645407192,303442.004635742,324567.177349224,632116.8923678711,184810.8701689906,1516961.3750034801,141728.30558888003,195629.63362246807,319357.8302718485,506031.2024505662,175657.4001703372,267400.84378577344,326121.2275624019,132157.49648039884,567006.1156112081,489711.98742633295,915416.7016671542,393096.8596588718,396039.87943723385,646837.8302110326,430159.5578291929,122549.621319624,42595.186270650454,805651.5600522485,168909.69250037626,660286.6513248604,241874.71583444873,645533.5362631115,182451.7663599374,430841.96216959134,264740.21358254633,798103.9007335781,293381.6122034476,625866.3488960547,250944.9910991304,560228.4929458952,198357.0501996815,549695.7304593673,1098503.5574461492,158746.2632947149,944928.1143204531,1041904.1274935507,295819.2299249978,708698.0096009045,426631.548255214,1324856.711897114,454344.9353130198,647431.1635395391,572721.8258189313,295104.58098351647,620335.2733845768,518617.41282569297,408993.1391156466,356034.88170720264,369330.8077059711,958561.9441163518,234767.26880175702,675730.961150352,419095.3930681404,398632.72399602126,160664.35410872594,312880.1660425667,132653.2106915204,153137.5916376593,134403.08165100537,861496.7998802676,193402.07116208907,576637.3765450361,370728.8683665602,256424.81384800535,598650.4118945742,350217.83726510516,301953.6005819897,880859.7624078579,385790.3482587003,641908.4869217229,171702.50018647237,520482.36462348513,306545.6373337853,138722.0925430711,353427.67649433535,599710.3837513609,99134.14946535084,455512.17513915215,895570.9164814218,545306.7164680791,246108.02003251205,722736.3893540428,392571.3429086783,217413.16605914832,463304.4885050371,460135.1182569673,171932.18912779633,545033.2518994581,1236964.6746802132,257199.2549894681,909077.8709276562,159003.54338742298,439552.7992668151,172209.98141260524,769164.0722495782,143039.35406296336,152379.19751282615,776945.0139700179,237047.371876903,348385.83072867745,240773.8397030682,608777.7675100437,347445.58801341784,284248.715775539,297838.5811038275,963536.3681076567,475331.2065383065,252741.6247290583,694319.5667554376,154684.3524089768,589182.7826188167,172020.72373218683,773306.3561626271,433399.21262062114,289080.19516109955,323508.04510502476,158755.21363338703,592349.9769632643,175126.2323446733,545810.3748057706,381241.89168424456,302509.84540575906,226476.48960973,199010.67763766856,247395.24980863402,399365.49868268636,423037.03364861716,224847.34704893833,1165742.7455938251,219679.1963207714,328517.3955641023,454856.1550283377,199138.113149156,455131.16245299584,661772.8208301814,283361.6757167935,352742.7827005976,271254.58607829106,292761.1430514924,224794.4803478042,293527.50249903975,693718.9154630414,697681.6052834167,379567.6515017314,176934.16277210377,586189.5388185898,336974.3317303903,456474.545165623,94049.72729065212,338234.1886959534,789783.3797169848,779861.2976477225,818796.2589958848,219936.55471880463,240395.9075413269,1515731.1292980195,1052389.9282417407,1073868.7285731852,452401.5721838033,666448.5743824196,461547.55068823654,826161.6437033538,304505.58762692276,426766.569940262,803339.519654758,481469.40965354064,369550.0042608876,187795.0338440358,296466.685882324,144497.904178391,304772.0471406492,373058.797705801,175525.07944036426,413776.6220846092,299858.07268047624,420964.97315856797,823159.8044153841,341428.27296116855,1150885.160670215,251325.29770299996,518830.367882061,231418.66908487634,1082430.8152542044,711757.8843924371,286655.0665194437,128055.14981460471,164589.40200354753,1659711.9949900408,415393.05735225417,418652.59286379995,305637.99072368833,1007546.3353725891,260196.63832235557,879492.1016414913,368888.9736662025,306855.53023749735,384000.5891137679,252370.91818183888,407817.05762817373,186508.51042323673,184782.0126928638,504805.0613252796,723248.4682524303,473104.05111177685,423882.68918549694,357320.7581032477,439830.013213041,219888.04568054894,306939.2040208969,171888.25797855546,1068186.4286677707,1087860.7655651693,459751.1418664966,452123.6293286604,645484.713232347,327152.31269954814,371383.71768128604,432983.9256840503,653560.9686277637,192821.85874809418,176259.1776714356,1116623.7772579873,248397.5958257725,240105.35640879849,1031359.4125964955,1023557.6779671154,548432.865084207,353726.51285179367,206944.2293446784,400683.53080745024,475881.65877798543,461214.0405141148,459685.6009886098,319221.1639530845,126966.77827691796,400265.2761977464,262135.15371746165,518160.64704407105,219128.89275103176,487441.7600281703,149304.0834407802,218529.68514025313,388756.5869139883,494487.3928899716,216685.88469082094,878770.1255674651,306234.06573701155,812357.4077144687,348416.1166067983,582608.0072151057,301227.4776488975,434135.354337804,225507.73060093474,1202860.9152707015,201859.78392973606,328407.93135130854,401550.0857092726,196217.14346199742,250430.772732521,158767.0286699661,281564.1265868754,1083029.4357525709,488704.0037981826,239027.10168702935,595625.1575130675,544168.5194397199,286251.4378743219,281409.0199345656,471910.61865414865,84025.2443369476,199748.5948708633,882869.6197399981,593404.0283158927,81910.27170794512,624923.3887693819,381304.0810896901,447697.35998149257,384598.03384566563,1319369.3380379872,834803.0133263742,316158.6523583584,651338.6242030152,195014.94571838577,339451.2854300814,175988.79910534676,218901.4879726673,234816.4385443432,353100.56658699346,162535.83444122042,2231940.2518105307,391492.4105989954,829132.2905746368,217256.20921570327,132925.44364353307,300584.3850296293,820211.2636666053,426256.1300723802,712745.8490437316,386612.4465994249,322611.4015659006,726839.5192322782,387390.3828462928,223356.66134894156,422266.79662970157,232102.26019247275,488529.0005384747,543094.9179934304,683659.5513070223,746268.6054005034,406565.38742903265,899660.1216226898,534488.7314345783,285917.51576744684,482554.1442471385,249070.73135112273,258109.82642642866,483413.7128299486,1000957.2142162996,1278591.0037522363,703073.9437556409,182360.82179876545,393274.09308648197,677654.1205819813,568410.7624000313,639706.1982571016,550113.5472843003,632351.8549078914,97604.99308484634,830522.2672644786,350801.64423206734,811442.33021903,385846.4763051937,245893.2091639762,801557.9230494959,284709.5052231994,198831.89839531452,841583.1966384004,981170.5521017021,675855.7844538597,205422.74927740786,424328.5276863761,352191.39594466425,479816.97319412156,322779.0733673724,407864.6229137968,516975.619585367,138437.4897456035,276004.2594040826,247166.1407323131,335079.36292444007,628383.303350894,344644.9773405959,358323.83273349906,309361.7449194482,867030.0914769783,943118.6428253797,397279.4014475706,850177.8646943141,297961.84290254535,593540.9011310416,158622.1783264692,393961.4848609636,1079328.3111336655,152717.36105383676,332247.34775820706,367636.1578043069,586025.4779926832,123531.65721984032,369885.94241473125,326509.18942299864,96974.7139797372,207041.998538001,441572.2458856965,650656.1068906002,753671.1366297498,196662.69308544815,735851.4092014546,427953.6761028749,440183.4519858228,344691.6991122936,511538.89042028086,1216872.9475210314,492952.40357946,255783.18323338623,596516.4117314323,147081.15406944553,609892.9187307663,287839.0582100542,199009.34365818568,656970.9056817213,104282.8810059099,638954.584782369,718508.1218669878,318716.2329697924,377320.44378009846,606230.1945726406,498917.0598693174,380543.3647118017,184498.84857671903,193040.42170162426,782394.8174701923,315669.3850418469,458663.8732196493,437255.91360253847,319550.9942798915,553430.951941148,1107699.9829464492,452246.5537459205,329602.67762884335,261035.9714351551,865123.3658909408,284337.9197601966,2149008.833288409,118218.18801681753,969893.4343006033,1764536.3449315308,676178.3520309755,560701.1360307486,220657.60542674566,335272.743566553,478945.9542974506,498632.0147015389,286789.5982407566,453885.33795134356,281850.79532604665,408578.78310394107,408666.3950388027,765507.9265036071,383639.85211217287,391169.8501712105,561688.456283919,1408813.8574009645,455180.30786105985,215384.73411378128,1287014.4245066002,1310223.671911278,124733.97077600285,388795.0253568889,458759.8875805209,138512.9623663938,1046751.9054983223,462201.92107929074,355416.64010636054,1118330.5420865028,333231.2971308642,444626.8173674118,577292.8038159888,217400.15185316265,132889.51089869218,367871.173396269,322270.67071206315,243257.99972788885,779101.7374562412,588921.8210823361,107048.0725909289,92629.77658383745,405674.11292558175,929891.5385020272,210059.07134005864,478364.16683991766,541226.5245668141,2264429.9066719282,304017.32386683964,437033.1137260654,692197.5320282354,65451.218344794936,375247.09147803514,271818.65462391265,400613.3937899111,176434.27863737236,352476.707016143,210190.61194181093,765012.0117314769,367271.59786708985,281671.91134267265,322733.66757156985,839548.6228110451,185450.1078372151,1001139.8967432543,650958.4983095288,228456.51147425076,622708.4296175415,129827.41747036201,208437.7808402804,98490.86259530832,1041295.6034779304,405087.19745273853,458076.0681689923,233433.89748626263,628429.6295991626,333845.01220003475,333857.8844850626,305977.7744369058,344353.7211571085,266701.33669478033,146303.38056732208,208274.28028650105,424980.93989920255,159388.7532230082,519258.6036392114,255869.72922643964,247019.06153925182,373511.58530137123,904422.3302843461,316492.70329970005,802806.2743333658,224182.80191247616,503895.2991801388,424704.15330682404,785357.9432384353,433998.78070189425,1357402.1978758588,301656.2893433031,368457.3732166453,668214.0883794975,584643.6396188482,153268.90736822388,691363.3112207674,529539.4174925884,556005.2856068407,282785.24685907486,341082.0064274231,354618.671307699,496164.98599930125,332604.7750430758,598891.2734862677,735312.5729546818,389069.5079317771,380558.0189498015,350409.0910599268,380352.02426577854,200900.55384502784,195382.44647428868,331325.78814872564,389980.4733847346,500844.173666896,421947.45577234606,513103.32551887305,508104.7096502759,400994.8748742988,1002798.5818274047,1108555.5155117386,509252.15956387494,3234740.1024984485,1210434.3161920232,199666.00135941475,713122.0284705705,206500.93060772645,404139.3354453667,1421094.1658503085,190271.98689675992,331977.65471378795,617255.2413929736,219186.1764021079,1088543.1676244119,59994.73168850546,370776.08448888425,638439.3022640126,505147.77383939526,190779.7357698707,236956.2246730146,325550.16104111244,746530.626026167,192632.74941771122,515395.01275991485,445811.304096071,479680.27050112083,585993.2606352094,1000759.481174073,456173.396135687,369042.4456235163,700878.5220118861,671137.3110008346,158188.54534357964,1420573.0947417135,403626.0108482027,239613.49764860747,302203.6080276772,212989.17899473733,130808.33649002432,228614.8771819965,1042833.6001957434,397290.0030609988,448301.19898888486,417829.7984292338,471894.5186921577,1041908.9619870172,610811.7465660241,558972.4638653125,676724.6059065502,213445.31356164263,695090.4896837289,428917.50587239215,597098.2626286907,521060.09800916875,436416.9816678566,164725.04881098322,465210.61865001975,111449.98562528561,311667.0654248298,471908.33121381194,382796.97330445406,452446.39008769934,123260.19856133864,457108.2811466096,301980.15381221595,549405.9209764276,739693.8246852515,702084.9131214886,378185.5637758685,346153.9630882763,244320.88069538967,256934.23714730327,221388.25655413306,236810.20103469514,960891.5820457276,697582.5510668654,438836.2804770855,1107173.4875759347,391581.0658909781,584539.7395256187,973838.9276554483,417606.89416284644,291229.82006358536,758578.3952078364,335119.9403135279,703440.5756781503,756115.3973029895,242626.3026768979,290701.6955380978,310959.28322542,223431.67379602676,386357.73379524885,384508.1194020006,441901.2323980383,262111.91994161817,563089.9259325828,230929.60955299003,1400683.7938539858,544825.9278205585,439799.81101766485,777047.4563183521,363806.30652947497,316597.55449811573,1342462.5573050743,1425925.5344774842,274257.1888478418,319771.0494175103,280910.6598724978,923203.7605096395,620653.3165578577,193852.18677953436,234494.54663544544,501341.7514966293,163470.86192539506,443731.55829609797,383607.5717476329,228300.47576050772,673612.8033804111,1581853.14157011,460018.1325505973,265021.80546954955,338100.10296848544,191989.55528226277,778442.3460488745,697803.4677901508,360524.5992790219,383638.384887064,729147.2362267426,430642.4275350533,417818.8785684669,710093.8710184181,462122.78854969476,206795.0328719628,740612.4922457781,666929.4683811426,323060.6171441317,200650.50702378934,569514.6956473043,258085.89586973764,229124.95177690813,322171.54035922704,158468.07105317072,171178.52158038013,702935.0170531658,296258.34759428323,512048.5993007635,230147.69369455034,154860.10817678456,136123.78145162627,924190.2973409754,230338.8739238536,3429968.755650802,229860.5346972674,199216.2535395673,343997.00151899736,637057.4624269053,1229423.353536783,1062538.9369504647,937059.003871873,296234.89853106934,421186.88106183795,316940.31294219085,606556.0903377887,641411.4949626488,134013.2390963443,534902.6456360279,773238.862639384,140638.89130322402,132034.72515186004,146645.19877711413,498999.6923768608,946785.9619186472,403051.8765821266,669619.2792879932,946612.7774188773,819403.3498978609,522739.9070661658,448136.5501008422,426266.6862236801,449971.88157003955,369675.07402368565,439023.959304592,411014.1971904541,327657.592933336,1196247.6480448884,540656.9601813096,295616.63490509405,482924.31717253313,548293.5264502179,533204.2107226746,536935.2244564471,329213.78649181273,194600.10311807966,661383.831119048,413569.46149834443,631470.2447775869,300901.13311328075,290276.3562956519,514724.7859139692,520268.5599207976,499575.8730816342,730090.2299010421,873542.7854100593,301625.4309519682,206616.90316245932,538795.6623028686,373623.0871823331,74791.6258001515,105731.8515757445,536138.1068353469,532439.3364088457,1383680.2321561647,314571.6642653642,302960.9410942129,175696.35343980804,436018.1027918893,330420.543082654,115915.51390222664,947938.1583512707,679150.3282743644,304267.8339734621,675600.9802290406,696471.443204639,319502.6206045744,355635.174483767,332474.46859196975,415146.4568425256,1256168.585496508,274111.37586004945,373617.3307623923,290221.69718948484,149316.18530965733,245251.81481159848,289288.79996692407,618086.5655674697,427086.8536561405,535692.0141359156,277205.86000833183,331854.08654758707,715668.222420583,165651.24341975478,937782.7085896864,425789.078448643,180797.43593736025,700463.6629780127,294149.01719962206,336485.719042039,815377.2356569222,396866.0865471344,437050.7009385876,244926.59013067887,365443.6282794213,870132.9050910127,630928.1021040356,247667.76808824076,368016.1077914117,175106.20147641838,790685.1520311579,278159.08836787177,168423.30240441806,465927.5416381765,1602919.1347576042,450589.53458380466,1281305.1713303851,652712.2128164037,1625340.3643258556,333173.5118353376,123079.2006240709,534041.0157568229,615568.0416640184,424882.7834795861,673212.5034576487,375096.2725677791,845907.9676698564,665848.2309193659,376950.12511448486,366640.60275787575,303453.3365805813,390055.1122580704,199851.7006074401,225046.98812389374,386752.9188385132,467097.5070224234,224834.08411236177,669406.6719927061,158041.94583477647,244998.68756589966,486361.5243775907,355800.90429350565,168003.2904102523,247161.06435931107,1039491.3466114623,711172.9288175894,561748.9544124705,188395.30275451776,250364.42636394294,461808.05601941765,643099.0435222783,360799.0121748804,262489.04932400177,782831.7156251896,409394.9171132259,605244.9506609631,398840.5175181283,488224.6320740514,228499.65292954026,598557.9985942274,492635.0220183942,541720.2348133792,680817.2539776722,582446.0778685965,102414.68377949615,176022.7428748347,598149.9232154916,429045.19215530466,410601.9630162833,523493.804050386,180040.13163402016,1160251.065818352,875353.6038883431,289906.33086786175,622419.0473027547,182319.22387311712,590808.2524116713,1502687.0419258524,895282.3741639863,602342.7024305917,631876.3384729208,626084.348907633,153459.31857312293,998136.2602278867,276143.5056129349,330489.17305278726,504389.11741778685,408415.8236407523,707463.2189932774,479806.3319947677,551425.8713830514,449012.6550194594,533715.5602471018,537708.7456684567,231240.25350630924,536895.1925044552,85775.04722340156,495617.6867834046,946059.3055321828,289239.3474483779,205747.89791414663,544788.0675645949,224318.05395344427,356362.0478543528,440499.6223694454,701838.2821380856,300241.6806244079,194544.4842881194,234889.12317850022,146003.7942120321,598336.4700753441,159849.50760255498,345245.09450716,142256.2962312771,343598.6991263711,527254.5417088178,1304238.0384754858,653443.1051324741,1119671.9841251,293893.69009227375,237247.27064882798,676963.3751237517,163023.80832236208,345910.4134546191,360306.488431835,435571.75081061485,275923.2034267724,234618.3648465597,569696.0888609354,544711.112730977,819867.4961216433,278118.3184934412,198795.1501079817,300296.7999035964,672598.4450273487,350786.1332490769,444128.08478271513,1191509.8058884684,408582.8215214502,442327.77089031937,201592.31423486304,479423.1959152121,202681.90226159335,430783.09362504876,160257.34789224537,410358.14973424736,1232215.1039795051,720957.5985102871,154379.5538877859,555215.4392453223,289183.94439537375,665033.0691480916,1087229.4521537418,1976909.066434497,566879.1630338528,1016258.8145923015,902767.3358684849,480727.5556673504,488914.34776859876,383661.5175679531,853526.5637169764,252523.89801406808,661521.1651132591,206424.68743668913,541808.0390754901,569005.2310254215,110230.66378881037,693488.4075366886,359358.47443864914,1049425.9620059817,328242.9821642785,2553401.0929857693,1025604.3959485351
963160,285418.3587007592,821514.8101132652,106865.61095661637,165539.55581508664,1029950.9004367364,281143.3471396785,455788.6636569907,129514.83545393079,98588.44350226017,200191.90824592847,99816.0701368763,620137.6315735867,432233.0645574363,473678.93765888864,407928.5003199595,184184.89463941954,336454.18118831015,241503.37655490605,951979.799728558,1175568.1233219923,260027.64846029843,932476.0163992238,306188.53993366606,394326.8790844854,1151012.9532768433,423559.6861044083,304549.55049988744,353576.4319019165,252373.2996595007,327303.08238195325,684498.0804199637,219373.3503329825,366069.71098626795,1040282.7581145182,208694.68303975635,674923.8979727402,304196.9746377007,653502.742913083,273979.68799643096,634000.9876657615,682317.0310546826,799091.5836158318,154291.76322773282,571114.864809661,202114.1257499643,285575.7480178819,599500.4224622643,574257.358216035,420772.08388722845,120966.54450745396,191487.5358107561,263215.1527631932,225291.84733174535,408843.72573645524,572583.412704005,534305.7053566019,106659.44648514067,267423.00826293044,1001126.7783062758,215130.71331082442,1062277.7015867801,390012.27968934015,746685.9978331935,688448.5912949475,787240.5224804647,702358.3864131884,258128.2086237936,391445.22616083233,507313.99539038236,380091.7775550831,622962.6782331154,362284.56357851,493411.561686958,788909.6598417163,447770.1356582478,83230.56181563828,826246.9327894273,243880.39738118002,1169470.830093588,445843.4278707356,319207.50184806855,214617.42119633124,142825.06070844602,283792.76752613013,325390.9991000883,238439.4915118331,486193.30938383326,375636.8643513594,167597.73720351007,814217.1891249366,294790.20357585326,303350.5206410918,324821.75279989664,958365.3512832074,1283622.1625639582,218206.17247646177,370073.52701636776,354043.70521443116,448975.65187699656,667127.5774118233,553879.8290096275,522441.031822921,518870.54738290317,145471.1046838892,482254.50349862117,838301.6088618785,1267792.244794493,411059.74190380046,391655.752881321,280528.7270381507,582084.0620820603,331862.97165359475,524863.068396082,465252.6155475777,606654.7650620658,450191.2558886103,145853.4363664687,528008.8129249004,192187.85234858477,482504.83958183776,552892.4604365045,742313.5499753567,333477.0197713617,313139.83729383344,406504.3384816665,221611.82219049917,234755.9684113964,1110555.2275066425,305716.3543379185,591433.0064691269,752327.3881044603,421426.5994435312,404739.08244600263,928187.0342409746,401148.52151632664,677466.5975162162,913188.7862340156,116236.09657297409,826651.4908556512,1204216.6971631246,229776.59692402565,285585.4885854713,212790.91200666447,759736.8016268855,1318497.593913133,1758739.0342582786,175575.2701210604,678940.748234338,552211.9430794149,481038.73516956344,106453.7974735965,633015.6458710895,851461.8449506134,305772.1139517953,349102.6310941705,283456.8533905446,412481.14616927307,264070.46542516624,442669.16424722224,268167.6827690976,597157.9951800862,348499.71475230245,458337.5081582336,1144270.2219807187,396411.1234744794,277634.5277932612,463834.2158765817,379899.6686217969,526003.0132422975,1009825.3758803636,310566.9085690177,551550.6746587333,538727.9159890838,279667.1280695691,1237956.9846150286,815356.1833133486,433703.2276930823,230381.03034981698,763501.4145561747,497673.40114776493,265611.29565239744,407463.1187031497,113631.09080309217,263335.7171632001,299410.9140690677,358935.38433069893,294719.0435157789,192629.84360642548,173099.68830066756,192656.3228943342,344233.62958554726,453872.80210555514,197539.26315582267,1054619.8742986,765566.8359910334,1156916.5983577261,723984.7326960568,498081.91645884945,323917.4974386217,510301.57215867826,511448.7442973318,370529.2760223505,333527.76379169227,100257.36431670477,109640.83105174298,305666.4348281552,526687.6657234434,353149.5726035102,270159.6195473445,236668.1883284997,623485.6301060874,495484.69379981834,349977.5538429201,375433.14172306214,439534.4929019858,566935.2895734687,280630.7312153416,537109.0619201185,297999.370211554,770943.05573005,481927.40018434887,779358.9007929864,1433005.964925735,804200.4040996303,536308.4590064714,290640.93442639563,1195182.3142397287,265329.305690115,903608.1676810199,535046.0747196727,240265.0078190377,392717.46584276983,194050.39632572865,159590.23602388866,184476.60645091423,297490.7391032655,397682.3693332432,281528.853783345,272488.6872271977,826125.4033831037,744074.2640199106,562862.8638101529,267281.0188758811,869771.3358436874,453774.8425439403,371833.8652713366,263456.29200597916,536862.0445028403,373470.9839624822,523208.2306533221,167481.04784818046,569275.3556243744,108675.13949652592,189468.30122737942,744968.4013122031,174483.28156470557,99754.54363402617,181289.30807153968,184827.28407193962,244832.38741915868,293842.87509175896,1213025.3645382791,340709.5854289973,366346.98687530094,405445.81087984575,731297.2944229341,608223.9916819626,325397.1825142644,192458.01457812043,348788.508233991,453394.96275776275,294235.0730108817,445466.48400093557,531013.3633411145,502807.1519643427,1130088.676838312,374231.19056443835,236224.35484597812,125076.39328265218,347863.2891088892,541446.2761639663,296896.80155010393,277721.8669807509,270101.84156021953,134122.108450291,759934.1539142994,281619.9005380373,305681.42879651295,140783.99541584012,387132.1879987006,315017.32796619844,1342970.9014020548,391194.7836986103,368027.76046370255,308868.56021689024,429072.01544032095,337903.67756382277,561873.2710115791,847969.5350470928,702570.7747508109,1115272.5059782204,174047.9705960974,382667.18152198696,255923.50223872747,289995.4491078255,267989.1021127914,516747.459123821,945665.0032699604,359857.8534121623,1426825.7569116817,750910.0961466756,403443.9030098692,972687.0535428484,589277.0648805226,283923.2092948413,689779.2079739575,495901.39223446476,145868.1374875645,581788.1658016883,366201.95981830405,106476.72960176115,259426.17772832455,1020002.9500867522,218436.28128266346,791812.8110924435,949835.8151655124,664258.8133323409,444277.018738715,836081.5899118632,632300.6009385411,503868.4019525755,625066.7879112596,384479.7431071392,657139.3394204061,479500.33423593646,254287.43177821618,187720.777923118,724354.1056721053,554525.6658548171,339125.49018026766,165691.9318977907,848054.5469287432,267795.7189921852,203674.30477109022,735141.9996011441,478144.65511411644,1311665.391785276,606643.9320317226,318159.6319420821,144841.3725641387,92698.8670577162,997343.5155474229,342126.9641089689,462488.16028757824,294892.1245520054,904116.9373074899,588593.1127825087,191661.89300972925,326921.4014478515,636788.1142880195,379314.71968661534,593661.310239703,428963.64971968986,492783.0454034144,279057.9926552449,231844.93801865156,173775.39990268432,634392.7547938923,451247.3563760747,237669.6724703888,774459.128756595,496713.13264033204,639905.7002625742,384200.3237705738,941148.0760022097,284110.28554566693,634541.3609668809,972496.1261336455,310519.45542944805,375146.5017654869,223343.88801573298,1173270.3863039843,268736.36205496814,261284.59319248828,283248.36457436485,1016059.4651107644,1649021.7743335397,764079.8863992358,282915.14851100807,334876.99426485447,520316.9047975104,467487.1303840509,310411.6256416922,328772.0450134932,472655.87060180935,226398.37471761496,249004.46109520798,496396.05268434377,1559605.2716298332,480687.4700167442,916612.8852331807,304829.7201865091,90920.35757548604,546962.1102780147,671107.5740498799,174205.50666070505,459842.8132682111,119138.64290409042,368853.9554542968,744652.951875905,547796.9895156702,289418.7657565478,218617.95318055467,1089953.2652071244,255499.1850497864,426409.0338296884,2533505.453483935,389312.98425255675,414348.21141311165,287334.3419803316,1042066.6788431332,745297.2869306854,1086991.7877825417,337638.5004417564,225267.1198122649,390314.67994730885,502253.32804533053,338324.0613090894,462890.1525245674,410236.4056573994,381408.92187364784,415203.6959366004,631908.2370755724,152872.27279217105,865868.1246788306,476833.0162802099,295238.4710091051,928254.9651698838,217560.30530698044,367206.8042502713,170934.53196777723,560639.3133095033,182308.34763402786,220492.1749119171,445954.21731139504,567694.1254787181,367009.9266112491,778831.6195047512,246076.7457811369,686588.1059986247,1001798.9369804573,889984.5274911079,245443.58213994093,419935.06525698863,443220.3889810243,517493.14565511304,373566.7845330012,471672.1513911126,289181.64729807724,371108.0917422421,214825.62052449415,913427.0961095707,226524.4074348606,236276.52879038453,1052210.954186668,555082.8826486699,733350.1090828523,189655.00881788525,837334.2921579247,767590.7339368751,268929.43474035524,286136.7111508083,940997.4013655683,392813.5051811717,1209864.8107120981,314726.61010905245,1028524.2650525447,828682.4391929115,75313.08337027131,903194.4758299429,476440.2655060053,545933.3248710206,992319.6909444903,1043498.0059218085,543550.4112835996,929476.6641896478,1295435.9613211052,312870.56976693805,674625.8631421598,157686.85957794107,199054.84182776106,287288.3935357578,92483.47992839714,208970.35898637236,522518.6508780202,282848.83156054403,337330.6473351633,226565.51353332362,488176.58637649694,412546.18324091804,1810218.5810126085,511228.22328565945,499800.54873675015,496275.60833485913,595187.1200373987,160060.0744763503,911464.790017563,526154.101956493,738378.418728942,451470.0626379903,254031.99708413164,211490.88055400952,324512.76613401045,380776.10459918843,344661.15431941394,308911.6201279763,397420.01037411403,716441.9044598218,96292.48025857347,165146.3949138158,570492.265198979,96502.34915344254,309534.2249400489,432446.9425160492,684645.1369147204,382889.24882666266,155319.92741493505,769803.9712959774,110456.63545927123,506090.3158048524,532879.4957339551,160394.2871367703,486297.9324020521,290955.53988671553,541548.6661539387,144389.3140505256,1300897.9648651222,587249.935472113,230676.25406563494,501336.1454916829,410669.3651064893,479963.952296179,670801.1792890677,824303.4756487578,460058.5134367525,370548.3577649276,954341.3270520407,463881.8508671126,872310.9410040684,500257.1493786525,292184.69339352776,315829.2260391428,1889734.8551976096,1306636.5795565674,193558.9096175693,793741.3530513417,1191102.5635825386,782700.1695750909,128943.04671218431,689819.9115747712,288957.3914778557,416661.5273761295,367423.281854645,136060.6417785898,976869.2489984074,464991.77316969924,318385.9185740214,881789.0088676345,596733.5513302758,317814.0283202241,572457.8911448907,342429.2609584286,287316.9405961235,265516.3043072109,674633.6872289581,245882.91129202177,616974.055028437,384492.17927292286,336171.9891653231,459296.29277418624,258875.36093275304,703321.2979817094,355359.01829111966,650004.6784809013,363039.88517876633,306763.9626715576,212334.99527295303,363739.6168431914,284639.91781100014,607088.0505715641,565012.1535575689,357334.43429996725,440221.50585362955,889558.5932847328,6327648.810513227,195854.05087705955,771845.3205430283,360315.69806811184,752772.076309524,751683.5501287475,725039.9569177971,664476.4630691836,569650.6913868745,344900.36492900236,637365.8056854866,347335.3253596947,418962.79135705216,571836.3934422681,395890.87608225655,155703.6339127139,463348.63508460065,488795.266440533,680632.1635044827,733793.286237604,273627.37963275134,109506.05043796208,525774.634440945,181119.02410024247,223078.21008238982,272786.2047346136,505374.1628975045,438476.06589172315,228940.37334155076,713886.6256906833,842778.397005084,447666.8477011516,288035.96415595,192423.54354896065,331750.3264753593,497417.3367191198,360508.9333389351,205191.23874522533,232957.34114498447,547163.5684540306,507622.83436325315,366240.99963383016,453568.3541046162,217772.61472035566,324409.6647474835,661729.7975744527,447332.14567837777,333233.7808173833,769056.0459644003,306050.38124167576,450268.3858732848,487615.4814335026,169786.59558441408,563445.8495333939,205365.47891482743,928314.2433454106,557983.581597754,265871.06379755423,276674.54412406875,673142.6726104912,248180.08826965612,681763.3405799954,310719.0863182066,454154.5805070276,452963.84864568943,280361.4417575809,571920.4970800235,181067.46081296107,1057014.1130272883,396655.90288303763,841966.1600424184,379016.071634226,520784.3700305538,509306.4239227337,796132.1062758487,436962.9213047414,850859.9459745648,106050.51806942504,1316298.4986503497,515606.7903204091,411639.6998478091,385891.64333606174,416322.6544634126,202342.28557918817,519068.473550463,707470.7446730034,1419185.3638467623,416626.15303525876,1355484.2982033577,652002.0738114972,413593.9259244821,325948.5244277702,469473.54247547034,771384.3096257285,300329.2570475475,362560.8089378246,268212.941193878,651342.4073980169,746804.4478711761,926275.8628412179,1178598.5858103198,897733.3133431779,934790.084443191,145041.11448131764,1184406.104981516,496673.04052655736,534598.4159024584,216584.9006302671,231374.01925678135,400608.8107884949,368556.87443190377,252116.0807907942,326772.82293458894,172469.6783617276,181815.7344840861,420189.4592166941,860394.2856874953,201193.33816090773,263489.13547388255,1303287.916225104,187931.99755092248,689107.4250272202,691810.5830414076,309848.366424202,386647.3033943608,594975.6250506582,646599.3958765221,889617.1825284347,521230.77112950094,968780.5642858612,200365.70446559894,197286.71387206414,1564865.5414123458,135414.3086751816,829441.696202671,1278988.3741414913,700234.5205296581,327261.3812631818,241893.46204864534,283111.4100630633,560156.1454036611,959834.1670452743,573945.15306394,258960.91901999997,176528.8000117548,166509.3526675872,281061.38442111237,277335.57166165666,457394.13029281073,303076.4565784112,1242044.6173366378,309294.05716185505,618453.0916068854,321763.390576409,229630.79041746902,662812.3447226016,146651.73590216422,499921.8557275897,558055.9678457094,165102.52676156975,478599.4683128955,370200.50823708373,576234.234165861,240663.38188045775,343316.1671745773,488789.1072356744,201466.1965823489,975656.6844971866,248285.15379054844,243037.86327304473,298264.42668338155,239564.86113038825,1429926.8510155424,498775.5998471955,235347.30725505014,227108.505644162,507187.3561209003,223876.6170493947,799472.3073866476,320714.5510029498,381735.80125278374,353504.4479121376,468059.17652917636,851356.2451792986,227330.3377216766,350599.4358075129,864262.9872405535,77905.47472376456,242620.0996937516,265956.55734607193,392069.3569654424,304582.29829413013,438971.91784033907,171025.48602179298,226538.36306026194,219920.68909592167,721207.1312376376,274837.47585915105,704239.5860783955,281491.2920349644,594341.1034023464,801895.2564807241,1813889.7393099365,1233192.2879128514,126522.57159658977,356197.87268188584,501331.27318069723,189969.47737001433,695620.6359016352,249144.9085810128,337916.8404093648,477196.57023270096,299159.9803010957,143656.1227030336,441090.9003716971,723914.7813554456,466544.02205658273,398160.34988574276,249693.74891239265,730461.4671461171,399823.05579231336,198255.33436999324,209952.6244592887,309380.2569603433,216772.5355440774,529879.207962952,298446.23379576125,132016.38588414976,325055.29748568067,372450.4855160227,213050.646571736,553973.4066803234,414823.2568757615,816293.0765272646,241311.3358028569,638530.5462006589,984098.7142866703,218736.15981251613,312929.4030534586,511915.9897459116,558528.0836840107,316571.12825781276,202944.63181907224,177866.33133652076,391200.5431650741,1746470.6518741879,963931.024533132,239687.52865073516,693270.6454357674,346933.2474938262,455311.36526409,282013.12451163,1068803.7405318697,843081.5343691544,762680.5354371973,432115.7057443574,197324.81352588919,394060.3651617236,523785.54844050575,668337.413114786,180052.39005388782,273222.8127114195,440098.9341963393,412969.04470117815,187448.30359394892,574331.3061475253,401251.0272059231,626869.1046861394,708128.0678907678,768585.8473063454,171457.94080542852,630326.0561428107,947462.7281241497,750816.4612867775,254428.9132861273,624591.0830274911,504060.5512517507,601215.4874373232,112158.18321441475,354057.610439865,1060634.9641942948,750812.3997584181,744692.9616693307,526826.1782906122,273281.63915000507,291470.48819156166,582524.1496522215,587174.9519234039,1057953.0307819315,259559.42322797724,197252.51309060765,544476.3320032347,170500.25664322154,416085.9076311332,509750.0248875365,476004.61073971365,490070.36242532695,365748.8052905386,631200.1179739538,392012.6341526178,597381.8946367461,344530.0199593005,430640.8268434919,511042.59700628463,648775.0269697008,706598.179557418,48569.80962369288,680608.6107576081,1102867.1154376369,171208.81802472877,644664.7941160753,858818.2620228679,245043.67764863835,192703.33162115517,1634006.9846330786,390507.8306546041,630703.3246346388,141191.15475725514,529032.0291926656,320979.2580858853,288685.89512281516,459780.9964422645,806606.9944844668,154657.56522098513,432737.9675849168,247721.01123013863,138131.6514450648,187718.38842520857,152158.47753376717,582784.1525300686,285950.36954393255,340385.54014872154,266528.1203975618,164654.8491647263,334616.70125941327,580833.3943502095,524498.6106455687,1159649.3629446055,688553.5420631963,812918.2949891556,605819.8728042495,365039.96593572106,239424.0875765396,534210.7664587545,451242.5985852206,553574.3155985813,323567.72281896824,166206.16215676238,346843.2904122846,308192.0341284938,240801.89094967753,137382.67635721946,426607.83681040467,466516.4409071735,668908.5097872659,478964.8795713995,101492.34363434775,392058.5923250767,466543.73213699064,244737.02522151737,58056.50784351567,1351964.8331514872,129329.87812054776,526781.4638720502,565648.9848946474,372772.33972152416,702872.1352962786,963067.4562391439,747905.1234732559,553894.8422999235,614304.4773845555,344225.943787576,599860.3332587021,485008.6871953108,381907.6437261613,468216.35922981874,1069550.1801847676,329277.85844899545,372059.03488034353,405223.8124069239,488162.7874078588,495085.61559239816,534540.9320223082,531595.74529518,456921.9358760206,431899.53862394125,325733.4556541387,311685.0902100184,284702.262841528,450127.6999343454,400751.8640657526,664699.6822039075,1452095.853919525,567326.6276787239,180337.70553716767,1451262.0484812118,943541.2922051704,231140.2719096313,518211.3574859382,524386.1640467974,120402.44456881603,387601.335629759,310924.5927865748,382034.8396807926,457383.7093055983,425151.9247779366
454473,434856.0026284726,602839.365961772,663637.0723822068,198641.05566706185,375709.311475477,257042.56751792345,347847.04040035506,216932.4595170885,844594.9795674176,303824.74762642535,345139.7166776487,512885.2501084202,164416.65195884273,363512.3450141499,133947.19292168235,596236.1622338975,244578.38865898512,231309.50325146067,1471482.3931692832,521835.9577947615,249446.06811104887,356563.9720343406,472501.0641345371,318078.5021804988,262360.81623930275,330040.9796737819,233915.74197999822,251472.42758683919,794489.2524361954,838871.3377734247,405286.02055439673,166121.03691131083,290859.37591219816,304315.742041559,1061219.831623361,734671.4823370328,534963.7437271031,322685.34453969065,535682.0026420006,118255.236860712,279518.61859724834,723057.0890409925,407828.4044821375,1383219.2753822291,600256.8008546212,126967.00256079156,634162.0680087777,686562.2119236637,357755.9747681328,201960.237602456,637279.3282860047,429480.0749256928,444945.76261050603,1119617.5571892865,377610.3646699727,905797.3853148882,818437.705028225,630584.5320869214,600454.6034175304,184105.35097331015,156291.08670221546,500153.0817945279,173244.48032462824,428075.77063348726,190132.33797707706,130734.0960204584,610831.7454626056,94306.99378336326,657389.1735933,283285.44715226506,1141540.0787302463,262222.22015142645,322408.2271858645,515291.75382472837,349633.1614171084,335832.74966052937,72873.73749591628,612085.7799400252,519984.82367526216,278778.4802145997,349022.53319523437,904402.4601578686,286266.6658821716,363085.26059750916,890606.8337223575,202935.45999366386,273990.7404788801,127382.67745068307,283585.2920643698,743891.69602942,205685.82463991712,376859.30064857093,400095.2307177844,143574.6968480614,257644.38365889888,1068045.9887306113,547858.4839759307,404043.7918780683,358270.32529345417,345288.76040093094,296141.41303260357,161838.97396400227,262198.89472375455,622643.0876632094,327698.54618946713,143925.78930645948,1071199.3318010774,214246.8920517468,515174.99639353144,499597.9403885383,409358.6029702826,502012.45477929007,333996.48278221476,540247.0079619385,569988.1239974113,293882.89102574793,664562.7278424731,177571.06583764005,220244.282903177,330762.4590587488,582964.1885797426,1316131.5910036725,272142.8705393392,266031.02206451463,120810.36283873928,820512.1926246617,215501.99148884203,264556.7731451138,713544.9102807834,1360527.671774394,737518.9625218351,878573.5180827994,788209.1879387773,228239.6490417466,772095.6395161742,392504.77125980135,292667.2737657128,244546.36814757995,365040.5825843892,671916.4637180532,329294.57997653267,913719.6049139277,479543.3274966998,228945.5893106687,239793.37060095355,935707.7390744863,1094476.774373836,242145.959860139,405150.61659097474,1299279.1703939722,609886.34689066,990757.9128612196,258881.4030041638,663376.8113985374,205497.1579081428,536222.9417120793,295793.3552232452,1978493.6318216969,850732.1382382867,490625.6640288199,737801.6648543216,1236171.9835833595,146084.57211324573,277905.1850023428,287093.32917936885,992694.9673947026,668434.5401899334,910406.2750330215,979254.1838624422,701875.6891673157,841580.6944231245,304225.78778644156,167371.3535422676,328917.4258894394,376623.8539875514,309142.3576169695,849076.3748985738,214016.38739516863,467849.4257327428,334994.534662672,277067.62487268535,905081.4305332749,560496.9095755174,276408.8704777056,255981.73772014736,535040.8744770567,158090.30393150344,168749.7848080291,374180.7902799757,497329.7709591076,203677.61965257354,429041.06155081524,557913.1622501843,278784.3071534063,178441.37183171092,707894.7539073585,1095743.8960218024,385224.43190182064,441048.6991670874,1010486.4540162322,731872.156856214,92862.43789541326,384609.96556509245,436561.63288429874,324509.4784416862,173158.9550538172,272033.0273705947,215657.72386342005,295704.1611182792,611171.5754507098,396577.70140373224,339796.5428180058,437377.40586197755,251718.56361344247,1031327.9847415148,171248.69073685305,661106.9358579286,369545.37323628785,374499.4278115978,364904.1875966221,362403.19413812284,459007.6926591883,351364.31844291,199700.92059077384,227487.00922933817,380312.2699449999,1581808.9447326632,405097.2491698946,390411.0610726928,615164.5063578495,781082.2926394779,671506.9702510583,331353.3259464552,727568.8166947735,301536.3685057522,385432.848312542,361715.319522855,276022.95225840545,527532.2481151612,389612.4267076104,294765.81515076227,358475.84297956125,190797.18820944024,841683.8536527624,595742.2243587906,430113.597746332,362880.91376651375,132884.48637966058,737899.990831222,381904.54546771134,281426.12241486233,395432.78917820513,293996.0848322214,178241.83703390195,432538.60733325407,423462.1143785998,824910.5851021815,121135.6992263193,151976.38651215474,680263.0601981918,1374095.2604800032,711238.9114034786,311023.48099880764,911779.5107826992,229139.31147450022,166633.56809553358,820315.8811987842,230917.64267839034,1056655.4974161438,381117.7201007063,216474.96651954748,211828.4780767375,490660.7894148263,265041.1786981735,343706.00560454145,173520.97990166655,232185.393061051,559974.9543957895,463970.24276123836,583107.1877573294,184954.99461013195,342550.19006647763,1023597.6355455747,146352.6213935086,327275.66677301464,502320.4331593416,578815.21490259,417270.3722739019,99970.06202864661,349995.91933918383,687766.8650066867,602273.1388023227,135803.9643375825,795278.1333216325,256308.70733400714,286214.9668667036,535215.0270669168,947434.3991167785,743666.1389356481,202313.4834100388,389725.24501289777,420260.26726809796,324195.8407674845,513475.5920008461,230267.5204170596,321525.9193518342,177043.7557251915,369599.6884597825,203731.12354607185,403557.7337717898,166545.97880987893,447768.5200150001,1592719.3999591554,312162.0607691009,307622.5419147622,350994.8300810214,874268.4816253965,642464.5431905988,449792.2394711016,391673.553564396,113374.7702122088,267413.6347102098,1741019.2682577202,842389.1388715672,439861.73146907205,1140044.2824927906,323010.799330512,261613.11735652844,240972.97312265544,398372.4953155188,298228.5991764461,353214.7539160224,212974.3430756405,138122.01843528682,705393.1706539397,251159.19895244864,1322659.6713121603,244383.50370381138,232057.1835689719,564370.3627751278,238525.0183451899,77943.94037415064,268284.0205913775,128485.92508081374,286763.9568419072,663935.7572115525,1472259.7988551334,615459.6080534117,323956.63978871674,550876.7881174212,171975.34667523773,633680.1403768653,656771.5753548349,410966.0460122182,450111.9030873503,658771.9311990913,700529.2672741974,541581.4134674041,846125.9110303732,287535.6726315922,505751.8133884922,855908.3213963247,429220.4530064022,1480547.23234409,1212540.3933399376,266545.239253093,268752.00804938725,205517.35626208424,401072.1158671971,244286.35421486732,293734.7301139541,503789.7125842128,209961.36764817502,590723.6699640952,296288.63975498884,1525744.2365399005,182912.83142090891,109040.84378143099,142576.93349601745,376700.136292572,313438.85674979025,671371.5825170522,413170.5581244971,364122.1501549557,613450.9854030836,577848.4765255046,262916.2575699523,260958.2396810847,490687.2731815958,270169.56445644394,177574.91721202328,433435.6380970044,354462.8087136361,902581.7763671902,152382.97854060875,1209264.3035830848,99991.85991390512,724620.1354486636,381275.7343613126,497298.9800037309,614654.7293753985,211612.5150974474,935253.3139241143,354506.7338283956,291085.04556040576,417031.27516621246,301637.1520073517,223351.3243155951,178863.55090684278,262699.4132081479,486166.76244078897,194307.39758136746,947965.7977983447,141136.78559669794,294886.8764763893,545275.2384770081,372516.9520963485,131579.43793382862,680120.3117539492,281472.06820477516,310375.4448061832,779631.4599285418,398403.343114861,86846.97463438337,904551.4864952464,3247284.5669697965,173299.09547200077,579277.9621699419,220986.32793423426,525003.2983004588,399809.2210570544,580323.7399191598,312407.82025127695,488590.83600668,163804.48688545098,229606.17024154152,210962.44212635016,325547.83279411343,331029.1811194793,477397.3274104703,272776.7345143768,983851.9287605126,336569.23384812445,307447.0940897005,284139.80299535807,560250.424183299,165830.89724584582,517552.41150409565,540084.0789694882,1203833.6121830663,576340.3666963805,896959.3044537894,508023.04925599985,128819.68634600697,122099.10363591666,428302.2280690233,140810.75635660355,1517971.3067216706,186364.8951426539,213696.18046704654,340819.34368781117,1457300.1087520008,755730.5563060029,384299.90809187473,1098849.3295967272,1274369.6062267623,191758.03465480515,498773.2643348913,326829.6924062871,503781.9291255489,503104.48543184646,931656.4016785844,422869.6920418774,380726.1379102033,445888.6166317549,543647.1150054034,132278.03603552637,741287.3235457798,2191499.675768918,513279.2178319711,227860.82202242222,331961.8817047124,646198.1443155952,343839.6374992365,577702.8443690992,637483.4403564421,331318.6915267724,140506.34211647406,606808.3837949801,469056.6473570185,383011.78206079296,635971.748139205,190528.75691871147,484316.92791528144,585435.8834978257,1005762.1321638939,395542.58426564024,638436.7601818641,645035.3625205909,164362.23303940817,619263.4215323646,1034323.2789028033,445006.91635495285,1055478.7804462682,248796.05224647743,482120.8351419752,180769.92464063765,1858237.4336354274,484104.38210377545,278312.7472465721,285079.72189363604,247069.18213190665,573241.5294795139,252613.85300462795,372325.09189001727,488021.9293231521,501786.9160555659,365932.8561053346,324860.206335784,194115.90613699175,180249.6951757821,342853.73629350343,200247.93686375287,207797.92947681964,609535.9385882562,694047.6221075334,245985.3204910532,126503.3952870226,1052055.1519159419,448827.53031050344,407735.78731869103,163640.669921212,209225.8716719956,698968.2408143947,562620.431402284,675648.9868574146,293456.9983901172,343598.708541202,429247.0066440311,288162.2461009967,128090.41114551628,3709996.2263335027,649266.2048854807,331495.00835434324,317937.16735642985,869770.4206595576,248084.3088628757,277883.7282169372,691971.8770541142,252030.61241362948,695502.8495796255,349391.5320384184,967436.5809391991,256263.20718746734,393319.86051632446,326908.80837990716,178630.0744050426,382721.5363234598,339492.7926062959,539656.3908557503,449318.6289646694,460736.973058875,912215.0676694334,1377953.2755993993,195846.02641646645,433085.7320354352,433431.1821720646,422675.30412924866,346078.0338856393,831990.6360160466,132032.01126104614,249091.58331403727,285167.0256721772,334332.5249241194,291967.1332493759,367553.68643139343,179967.82947969847,527009.4900312432,511658.39750328945,413137.4884612501,126051.81523573419,498721.691874883,384743.02612911985,278768.5255246293,1087646.8198083586,228965.14681014008,187793.3783271988,406816.91088446055,1513968.2183052036,417837.8663501616,437986.79610092286,507907.1506739695,263774.9652870146,467157.2847542316,116014.24343916074,538758.0149954604,177997.65940758112,548885.1029177211,985830.5286005018,665394.0825907731,703647.7391721304,748258.0304947365,432233.5805366173,481449.71891441714,515842.34794648655,171296.51715209906,224878.89722531266,443108.33918057574,211325.5820063626,399253.7216062137,312238.6604107058,304131.78042174625,99454.44222729816,253268.41754111453,277178.9924575561,296623.69436174,382223.8416968561,237597.60408043026,475230.59918807907,1221715.7368019093,673466.464381527,228306.87229937545,515074.8830609141,707405.8665151484,185418.01347559103,876829.0524422489,146266.54946954575,420013.1673514933,868664.4612265727,1029307.0542030316,156149.82263942933,555836.0240326466,830862.3677268807,383580.6738870871,287086.0377816579,650533.8212137003,484964.1968098169,1109460.929910982,111007.8836757158,763141.1701239969,844841.8666964235,684236.9073266415,389837.589534619,72895.64388395379,434360.2161775125,631349.7091557663,234877.33271329777,1230495.4479992206,189904.46578822195,556121.9208744278,518133.5979897034,755109.0641312386,585618.940191936,206510.44528114412,510303.46262858005,425372.757637242,227574.46668074437,244906.76051141857,1762806.21899348,214621.8716677398,1000048.9396643555,314013.855865539,603274.478118409,466452.26739633316,487964.87308425986,206308.19279770018,222806.23510148912,155553.60175501977,812568.5705382804,506172.92376347183,1377862.0019226368,518495.2822741561,784706.9939601299,419680.8834810237,213171.5894851873,204783.76444696123,661460.6416681843,690367.6871548058,481488.56154249434,322992.0784848671,875067.4710652212,159709.9917682095,482798.7685471703,425713.9778464254,1549224.2630726246,149458.59592346897,406119.80039771536,815273.31554865,652305.6363307408,486210.41696394107,447971.4578601546,384841.7160743136,324275.7490375512,232972.2777148205,412034.5924145487,104945.32226070297,822117.6683131787,741423.5534789764,445257.5333287825,284129.28085824667,463116.53179878654,485441.54025766294,1188400.139786613,519947.8964023426,1014284.5005131323,696820.6418759205,590945.7755935354,175805.93184478336,515886.11722635024,409640.8979939365,449384.54529263463,422912.5342388978,222131.51691395987,101115.63169904414,795197.4210524692,993776.5844285927,593828.7705931994,886810.01635698,465001.34052043245,362413.2850796697,468248.7994484934,474307.13483120746,606170.7622199842,440799.3641721875,337377.87541062443,1013294.9065955365,535303.2130071855,428993.5867313564,457120.28307303943,333052.5823176035,307576.1872849187,100515.37823955512,611142.6236840356,232268.43766353556,253268.57809670994,851949.5547151285,1079252.5519901835,528124.0486832181,387519.05538860976,205029.69322336483,400263.94012577715,552696.9391473924,502648.81201014906,225593.0808568616,157157.77393532096,432432.2592592706,394928.5869146556,61660.43470573468,394082.4305538349,412297.16112930916,1091085.082967595,582462.5019773294,1033929.6745949439,918293.7581808844,430612.57524650026,407353.9075450532,387280.1732243056,1023720.1640534366,266758.2917644836,706975.7134171834,304433.26085514843,286987.1738863985,169653.50912642927,251808.87256925684,408241.2905187551,290232.7517529408,894612.6411480624,1079878.2287559705,470100.79496605275,94857.51207451324,146944.38885219177,856506.0443847982,423990.7050948585,808107.1348798414,869406.8148655542,641170.1155619788,315754.14392537135,392100.9198967674,294930.8040305492,576991.4550952024,543789.539113289,366881.5872615587,664194.0232618989,397474.3010291438,1076349.1626305187,741688.7051798084,143676.6552810989,725821.4761111111,439947.9145856539,1061693.8986739193,795690.4938503386,262845.214114408,228201.58446481152,1417951.8641757697,227595.8238043473,1075100.2302552867,234075.60316090388,812635.447196183,987459.7731674496,237250.97562108512,881046.6162663032,189712.21376747373,496579.13700689294,712411.8177322486,218020.37675509462,422423.9718161963,371448.48554105,1424817.6748772953,162561.25158350173,710241.1575261235,398738.62091956555,545113.5907685444,1799191.37638847,764433.0931913314,248539.30203425317,1042554.2732867305,390359.2142969132,146107.55107900302,216933.42063473462,331669.0797475766,287878.33413158386,176064.58809438476,981872.3865793422,734206.0540841891,279984.94094100053,305892.99995048443,85246.70719522286,679785.5576788812,311889.8548889071,440398.4402728439,628751.9377186669,1616079.5562290375,236867.56821177257,329321.47595914715,665693.7352587779,903700.2693982349,301685.03248315933,385986.35239898675,235980.48748740464,252183.1319516013,574370.2490521132,128848.2122393178,464030.421066522,266562.2595639293,1065148.5619182521,427110.9332941738,233068.79229823884,510859.1986894088,489978.8123657172,1580618.3631819792,684388.941640351,1535875.0735517833,544231.1121456603,1124457.1683784444,149431.77963124553,172948.40296258527,293922.8332840616,544698.9639969325,760565.0640133878,122875.16217106442,512519.8138370027,472223.5086453928,387541.5757720793,122857.30263484514,318707.9995547945,685223.4141112572,548492.6240125665,415130.4410835415,270325.60332879005,251224.91874123394,817252.1054589675,742207.1808854848,961597.6692877838,1972993.5033184981,540522.3311438999,744967.935563734,195400.57608942495,491849.5872968922,534816.8128730844,279747.9454844425,296462.8431514255,1029733.2276164881,1182709.149979902,264897.6355117636,426881.7754380537,308752.4673169413,1635663.1161245431,329036.92964661133,370744.2857021732,584640.6841682335,811311.5746195661,1125627.1301447821,254001.0921187925,218152.25773002708,1341353.9775529178,215562.28396126712,248145.7663874417,574750.6279138317,234549.2932207434,340986.63734355883,124464.77979962468,338499.6708098399,462504.23276958003,234852.21118715627,1273364.287151998,157811.85160202772,1420524.897365485,1659144.2190910818,315240.53156977997,513014.5553053229,245464.24666350955,230043.2608777487,252330.10579924614,306869.7500286338,473961.9003809221,573483.8494297387,478714.5637436623,545139.8282284061,255308.3140309172,613184.1318297463,728271.3288584837,333402.3930467765,394611.03851922357,313392.99581613886,454177.17882485164,254233.40676492054,318336.329571708,538299.0606408174,282475.1307101975,594854.9290700856,367096.81362278655,844714.0831969777,190833.39705256483,627050.9401627855,147101.8794433395,395507.6269507515,208828.8879554765,382376.6796343825,287663.7100034786,142791.97665697904,616922.5980932527,385514.84835127584,275641.8752346148,827057.8144490866,601195.3433642719,533350.7700098386,566253.4035680073,258928.2091526299,418223.7924511478,355726.8169770845,487759.28172661003,236853.3916882309,568163.7754014451,663238.9332669069,466772.7529658851,694152.0254358945,303885.05371601996,355035.93022242025,557795.8489413171,124404.1567088676,110398.49713841772,446269.3833423639,170747.71219076242,179067.23719855683,320747.6099501787,1007760.1805593293,176948.43188775197,804545.6285836493,1148767.8224784585,544356.9953576404,2921813.078100538,830019.5626251884,444866.58435096464,72038.54438736626,205928.2641333662,292287.6810179799,450016.0459646924,338648.8743638205,321380.85193469573,156339.18165958123,148364.27244658073,2041302.2159720464,513429.1092251265,686989.780427972,1017768.5128691786,1641341.5871123155,783822.9026778607,235742.421542437,223903.18859693257,861191.1967300206,496147.22402146965,321709.8551399503,166680.85234684215,521050.47530684626,461995.5077182558,679562.4644861826,755324.1944973266,221440.6532861767,299670.2670070924,103244.2608471493
1213290,128540.60898448738,414199.90679672937,752364.4663889764,232618.61561442853,659916.5889309611,1023383.2633327816,330297.3283466064,356865.16505618877,1842366.0950626077,607257.4412004589,648842.4964756385,1830337.9931711932,367898.0133569103,319252.5701724501,504440.5182789528,187281.53374604642,214593.26276736226,186653.2001739118,529963.6596791744,878346.3813294737,284274.51230085763,289041.825865206,684234.0789770227,373775.5154512376,385328.71231474367,776758.8478604202,276980.9131665623,322428.7980938957,236866.84158963966,922146.3950908945,268646.2891661087,439964.7281943811,562420.4168052498,444274.03214692743,712479.7564286727,922642.5912311017,247309.88690195774,187002.97538217547,927430.1387277297,208286.4592975284,310381.26668195473,704819.9949861409,785984.9024246301,466501.36759754195,501834.1013745951,709772.2658190755,558906.2932240319,1431898.00641309,301208.3757647951,294288.0766564173,596209.343747657,839267.4597408223,556971.0368058189,173645.55827345574,78213.3908449907,263219.4507678139,743080.0581815015,471707.0067773706,596254.9799574012,317869.6224059378,859475.8354601858,843467.9184333173,284346.3912361609,169897.22886606303,459772.5791308674,862933.5769328078,347702.95052353834,610399.9927347098,700324.6726518162,569911.1425415832,419095.88552291406,232761.2429781054,279711.1824443276,256283.9363461171,191918.70972608268,543305.7971691225,99183.10125490546,536875.2449188554,768343.8681266584,264419.98426489,846865.984883774,940926.8520982519,488831.40999709093,405599.0315652532,327567.76233962626,455158.46145984053,428361.31391297386,545390.2134571642,562575.6711120843,593024.6258929842,590067.0143314946,1774280.4370940882,373463.15525797644,831457.7737946835,284625.982843664,286531.3257592415,271958.1521350848,471423.1972496667,760092.1542061993,549113.6203904222,284396.11065283354,351484.91895186156,729249.1520693583,875869.7879856322,129689.21747088488,258051.8857756987,305913.4961613104,436063.4932053079,514630.5156834594,1199212.4480613866,139680.1600968365,306429.3826617785,229766.28942143774,202459.36818601773,364794.295752283,450293.0671328588,2533718.2471604194,424905.58536700817,637843.5852446752,569202.5843646204,484605.6621186375,378314.135267431,290465.4750041262,360451.9906131599,748056.4517572747,589465.4586076597,771401.9333885969,1060471.7302749874,217565.4648017058,235851.1395892128,131414.05338045256,337721.32128187467,445191.674813781,1303050.0087512298,287945.0255035713,143720.5759048592,893515.3920054389,472557.5677188883,896240.4824936945,946418.5596110452,474330.27916081215,435697.57049585646,2124973.8158431724,479863.2032949083,285679.8458970123,426401.9850667492,363765.69129363116,1426985.6444363561,398906.86736972997,668251.5259733057,492028.59360273456,304442.75739372533,501767.14182181825,425680.56188705284,501601.77006323583,561904.6841344921,803318.8097875073,101753.94635887117,339150.5941478546,86957.628938062,234648.26105512364,526698.6872185265,878064.4882611053,610858.020842839,1466439.8697749968,647344.209564322,1921957.8179276271,1929586.330295116,811913.4847487918,272138.26078551396,419953.8752328596,363462.6418909936,2084406.7901728984,371532.8146392321,458914.892933133,339489.3477652408,296164.9780252694,393790.6686438749,520003.7018556552,284475.57149023766,171183.15916721217,207073.84633607595,448013.0860105963,149476.43170970125,387844.63709691755,585590.6986662663,386736.6177744316,439286.95338720037,417471.15472541575,488293.5342884965,525545.6845820562,367003.4004803943,434489.98934382875,239552.19824559012,509689.2979543969,448842.1543219506,1096139.7339928385,261960.48699532435,905827.7210963003,707362.9968080984,1296729.268404317,209340.84979883418,287680.4346448481,454129.1310577184,405936.93080558686,776592.2900881827,263395.55254485045,267876.66364714626,232908.85171384143,114806.62501543049,292469.68059166975,1024541.7380674722,380774.76117601513,557556.0416998098,1064925.9668736174,565342.499931805,268363.20540015324,245327.22479841686,260520.0870418662,755021.5672718786,254946.5929106775,99661.6761253576,291950.84833901277,644295.9316680352,912323.0373568472,310024.8116568266,316084.6584163182,251891.024093149,559770.6198686651,648018.5613576708,662735.4024224274,566956.333400953,455237.8799525916,879856.6946057007,775851.2753830017,320592.1571035279,190576.34903322574,434410.70756853244,1442692.4712289867,763206.3765410745,350680.2819169177,701332.9533790064,152644.95890380326,843837.6359909489,752432.0404927548,274554.0809996305,557370.7509975573,668525.8295235091,389905.7137440333,525127.5431630498,496239.9640789879,279560.0397580607,186538.36054434904,176770.6130057921,266385.2415451014,785081.0256998632,802994.9532993644,312213.8166374186,743291.7518772067,269127.45484782755,187148.29233399057,383321.61982616346,189383.40476284863,761856.0381953077,203200.95025486453,235603.35343009222,176914.9516648269,406555.6234820487,420319.22688555217,316401.79826601356,722113.1918536277,626801.6757352572,1427631.1415066335,643697.9419095576,246117.11853880473,380048.1877573066,244837.18793195818,499005.306306342,789784.3834785718,323785.9462056809,306168.43040365307,329220.75950667163,572465.8056077592,445019.83016545273,288574.75017761684,243456.0922235107,212910.96936108128,701137.9873630437,291930.1857485618,361688.9965741142,368427.30019226804,240237.32820306197,555774.9774108083,213099.42814273256,543378.3254128605,618220.9093270808,313395.54389599786,478685.7910651911,1335395.6044405084,653366.2065430006,185994.10042023283,604018.9732633543,513951.0667409155,96320.6803853538,624881.0575473144,238755.88486507654,397120.906558421,393780.2491722984,1157691.3264980332,236734.19861597006,294384.48588922695,496292.9883963829,627180.6403192746,232995.84777633072,350914.16440500965,182002.29906374362,208305.91252375036,1247449.7814684394,167968.72775570667,341547.8817185746,76274.66967113147,2512234.892923276,336133.5435052962,1066882.4984545659,260525.7407289597,1483679.228325155,830206.1069186875,153291.3355380557,378316.57036657113,1003598.5012135333,212102.86241100932,180983.5897368926,451712.24841788696,363457.75355412037,145232.9140569889,142475.74481245427,276180.3584956223,130755.82596813384,374892.2254908326,625089.2849962582,385735.5408250694,118973.00916993292,294576.0285087307,641649.0989865025,115005.05405236475,157751.34670767142,576579.5799138354,298847.9037262789,428251.5844797651,274007.05603086785,705137.934069223,223979.60539413165,2498484.6712589404,353120.56552546273,203364.45018145753,444243.02558319527,757099.5713457991,189595.6580247431,403351.4480945232,866298.4779490582,259661.5624784843,903543.393088214,173718.39819482493,857296.8417324901,348628.1319165118,407443.32318550476,447334.9569895598,473538.2753398337,362610.20441251906,539339.0501979712,521951.88353294285,963915.5254824255,850989.9809860502,511299.9663371063,208718.44427619723,435597.3101690871,540621.1391665083,424095.2540249273,225356.20373374547,179653.38161270617,673851.0721822627,312289.75105163816,260957.7417568764,271220.26817714283,682002.1513170549,915210.6573699728,827286.240703284,624003.128622012,314627.2010101292,300828.0312615357,328851.45014728187,712490.2338392915,230947.64802246305,210037.03629716486,242050.55971660244,462458.40676950815,259233.87723545716,225176.06729773965,197151.04313531128,105758.79056982056,157008.4942347062,345095.4968574973,759346.3995077856,828005.0887403993,565044.1587969363,300319.8803400801,184339.3726535989,801681.7365603071,307321.1052678778,379119.76605360804,654721.7529135386,490852.2079402631,284860.24840624677,257217.85556468624,1035725.5954918818,396833.91340565437,626168.5770352413,92169.9965121019,287036.6321239919,676201.7764214432,527840.538457545,443266.8467858997,606459.2216568831,440728.8818930367,180313.61437805192,290183.6100105169,842559.9980200727,330928.65297155554,462569.557491223,200552.91558423857,575229.966461471,1049565.8454371667,250729.25142480075,1728079.6511776664,237160.12698832955,356568.07615376514,312445.97207275487,433015.6178940926,135977.69723577416,1068527.1980338027,682457.6426623383,590211.9086945729,332625.9100403421,183981.89038529544,279951.733939321,620309.9465651049,185229.92271041466,655589.7131546618,768396.0908267411,433798.50420149334,469171.9006834035,222096.0256336165,498799.9336117312,197038.03275902173,463243.9558293369,802513.1945013156,360288.42778627406,206461.33421622036,617322.3299636255,690934.0245141272,431756.0295575051,153756.59655740493,237695.70203569907,390714.0761059008,1005269.9424933499,451486.51744820236,253690.45080607623,2276133.4743995056,492908.90525874903,198212.01082930423,492390.5797676293,973284.2919343822,421817.7339911659,374907.7986603713,365664.43841025734,549663.7486433747,250722.1708264536,468473.1046840659,293035.8229771127,289310.57791986654,670888.3057433225,220631.3244823365,157520.7520254919,869650.8347699273,193421.7522023149,168351.50379027633,190104.00129828346,397371.2437392457,489988.4698118822,1238486.9983623847,612472.104748188,924051.510443429,320496.2146435627,377880.5775748247,845265.4408989047,711261.5859837689,931229.7804282195,214705.59596637418,480308.4479440144,794899.7041037465,379779.82886428735,255019.43440318597,341020.05019298155,650193.8392968515,1117121.189196257,318241.5700908457,374032.9621457804,270273.8938948646,374382.57844892086,537035.8249715387,241172.59927119888,479430.882922048,405163.0910186209,392777.19180452987,616912.901149141,255858.4528249398,386361.74362802017,324280.7227494255,263699.73738195695,769164.7068525187,446802.3777827532,814794.9993504613,468641.8282707548,726902.1740197462,193306.4414176738,212667.83137820283,320649.13208933576,2561653.83581888,150140.39704921085,652405.0885130583,335292.0302489757,1167067.2422511503,342954.89078380255,524866.2374338706,739509.7772786646,683281.5213839416,344779.8491229111,652521.4099536709,222830.40050165588,862629.6078147317,499578.8224052094,438632.49025894154,152595.10477472318,306807.87341694493,1614110.281043504,758108.0554895427,172407.51029207,514643.9506153054,486916.3071856818,991314.5565462215,258027.1956421844,436924.0454038088,256424.14381262087,561862.0594665242,431906.58046213846,100930.92159606704,629514.6658596417,246882.63606053073,385703.7422324605,400253.8227286891,718658.6223413286,588099.354526736,160943.66819950656,513873.23022775934,494112.72293552523,1347179.0466638422,662244.0010951848,788120.6645854292,101040.65255352114,334081.55575848935,588365.816039861,754820.9059193075,622521.9127826908,1164404.735956253,681521.0858313055,370682.3242351119,158286.17329325984,239964.1445276985,397660.754812062,770751.8717639198,2512957.811951926,992645.1806219888,377544.3563168252,691382.5185178098,989107.7718746965,388599.53979276086,651992.892410868,376445.79824217927,306230.57995267044,246841.48690048084,265709.5292569836,1185201.787598666,293505.9004385434,781235.4281502961,1792069.0614941586,388743.7499433323,166387.63009699064,973515.9700596911,846317.2737496425,503540.22928361007,264344.2664483065,668473.400087342,625855.809823001,244986.879280646,444799.1290316246,784149.3174535398,325125.98325870937,163555.39837852414,147002.5695508136,234714.16414924804,180628.0661514406,345436.1052821801,489484.02895938774,445409.30493051506,323365.4578527054,332675.8758911817,134832.32733648,899903.6938222701,135492.53872282614,225072.90760371473,739957.601803659,336204.97346376575,331511.1981569964,207275.34662478737,1630015.935051549,613861.4012844439,169691.4308950339,354607.8182150376,541744.0142110443,240065.15217895395,619475.1928258488,615644.6144861417,341157.26702014374,189341.3589255699,288065.0363618871,875109.1823558807,182204.06198216113,881837.4729081318,682569.927244319,1695098.5080775255,170701.32440044134,382480.1419041811,823693.2595460768,241383.55409570516,306883.7512631013,668762.7830468316,75095.99823038156,545071.6019986457,410835.0095389782,209743.65727411283,237910.09184123244,602853.7419476591,138399.5585859498,414638.0099045855,1116088.690646996,344423.05570278416,767096.0864693576,461681.24622745597,162343.6579148873,1565525.0032012197,337918.7584376507,105897.67467570398,392434.8150300525,840262.3602230552,274358.5709100223,518877.63292245683,722181.253611038,727494.6182710817,366139.985054645,312868.1355229121,393566.5194836596,176448.2652151771,398027.29521167255,502657.33444942714,247131.56626849854,1763510.6335745035,1385123.8644476272,243026.81449838166,307216.682624814,446783.5904983311,842449.0749926341,773477.753197671,272110.2448038061,204994.22354502935,270148.0802118556,796289.8456973081,171061.88730318373,828611.9295129384,1184828.66903721,939534.0714515703,292897.9581475313,320242.24506939785,806872.772550525,739359.4647579599,372018.4421165432,459130.24329627975,1346374.4124770146,462399.87226126203,798045.5072274113,274704.65776971227,1269403.8309728839,314456.01055993617,681785.0789153392,702655.9401215279,1102352.4673481253,219109.40584412028,257895.26846280767,1375503.11202078,478386.25983550656,617346.2926358379,364798.83976862964,610380.9163825066,450533.38880668266,375452.97494509123,58784.48090913037,180662.4521381179,454541.2818049579,223633.32166099132,193500.88448671342,1481765.9396158706,547236.3000604827,799348.3492480407,488724.1628871384,72587.05262510775,258251.6687727625,169328.9654246088,801396.5213119715,757406.7882360342,283670.1638392472,467492.4906924001,273458.60041909,336420.1665664099,640370.6803416904,240368.51025684545,499616.8705196588,352587.77253249066,380498.7364366695,473513.8024021277,1359803.3858745485,236362.69519354615,202730.3725521804,124290.94260301482,133524.23493803205,100242.97928844887,212938.91777259656,207734.98157020862,429718.5746290278,162236.2188805698,840363.3928140643,807073.4035184613,114154.00427056514,649499.8476485361,452793.2807785836,305715.38711345766,307024.9280890841,463150.9444364919,449540.5763544139,743106.3243450013,814611.9685899679,1352272.5617331304,297738.7456282612,240044.54341309157,615601.6527701471,190460.5982286164,504934.42875756515,147390.06956644694,372100.77836248145,900053.6186547631,89196.44546858699,289530.5663893641,368372.33377999824,495226.17052347085,363927.62974933936,238382.24725026643,454626.54006227886,314912.3786647225,380523.7456593427,292392.21591194393,326825.0728758705,659740.0015194687,596825.0906423308,518165.00298930705,650857.4342451022,186393.38089649146,393995.480950244,559142.0057978608,387062.96789929277,348367.61533487856,138486.78905787197,558941.8054879522,300736.43531630473,158030.75748787727,885565.9537941454,2775013.3086592136,530512.4159834993,352159.596587104,595368.0042556658,290252.182449613,501728.579797613,860975.6787490324,314218.23158343975,446640.1555298151,1996701.9152307396,231412.61698006967,140563.4485342107,568679.897852366,492078.3001971204,1334589.445999803,215166.88182500622,149801.2163443429,1000559.7673393254,565847.8112963787,858641.1972963237,352675.5288703284,1221489.3428184798,227393.86180742702,650704.7752961528,693276.856703555,1137130.5873688085,1736764.4488887873,1112587.168868401,778708.6045744474,256103.19397971613,232464.42933823672,610209.6178198433,1977908.909899957,313141.98817404365,407346.10494948935,938280.7443899084,1232862.333834259,329365.91610378306,164273.89099714663,112617.20438344483,304016.53042527183,1086443.3704488971,406416.21041675354,160644.99563544546,644713.1894378259,595610.7728760823,759690.3995834418,666688.9286873942,2160172.4958936316,1238607.0094371352,928580.7832488249,204363.94787462027,356428.5565937923,636458.3574917857,1025252.3653951242,587103.169682666,461109.1668636636,107091.76218515902,399206.47740009346,123711.3459510238,297176.29910188133,368708.9963102192,219580.1639737804,909532.7584872637,96153.01780036886,274218.6178678401,417737.13489709486,192018.0413393256,1283302.8867241614,252085.01419914849,393723.44135066477,513807.8186254395,672196.012742919,183033.87401435964,364689.281455628,243692.81773204327,592894.3549458274,254000.87933244312,524118.15303018055,283126.92557802424,416946.0117311032,410676.27563852497,834926.2669416668,433538.6926252544,668323.3017554388,247194.64159614002,319165.989602989,975713.4951967614,657484.407972104,461963.5810734392,228214.24699636517,449634.64812671137,1034722.6821331903,211341.98900147522,62898.46156493277,1442144.0525270295,380839.859048562,932034.022670441,542466.6555408412,97206.27316868535,767597.5508899137,682146.0859228002,1457593.7135734835,101550.34671586387,701398.9160058722,455002.02854456776,355204.68389519764,542316.1279625475,317394.90989218536,363878.9902620583,465074.8061727291,197327.5845539324,790321.9232506797,624366.0252354849,272286.16772911913,167119.49563836664,316379.03881839436,591113.0745306881,306906.8799597406,449821.8229706852,301458.64122931636,568939.8593397103,499028.1311657495,1671009.074906974,445444.6292020365,611879.8824052305,520804.976806917,493765.16275352036,225971.456838662,165417.53813577883,276946.3665209627,300604.2973969845,1006652.0275901965,349866.17263967945,100267.6412696062,254519.18262214126,706679.7963121918,537237.0043901985,233775.94897327072,648279.691461157,177991.69269153546,285428.82525641756,483550.15889785625,1002595.3099164071,256418.76190220856,650919.5513671576,775333.3517936426,351920.83352748095,188666.94785584637,560021.4539704291,272069.86820434546,168349.65617895295,157292.47469743606,581327.4843507463,100064.87978251516,549083.9736524791,413239.0985383787,304298.93758467643,600383.7538547327,245295.8121064113,595206.2951593685,590885.2771522516,373852.01980426174,479221.5156549673,399517.158764162,455999.66833519493,820079.9304128528,421012.0575302212,399640.7267038432,554204.6987384742,1003854.3446301664,1921900.8741202697,327714.1131544809,142971.95331532272,125640.01013153257,1751692.8166565348,292828.3529286043,168864.72294455374,1977856.379728998,1316324.3941692156,1053478.8844401585,241024.38523540992,825932.2794164431,74130.76609462062,805608.7108745219,1587940.9770606463,311700.89796657005,321187.43976305466,343828.50681879744,213625.31249093925,449129.46922176104,326515.3471031851,1867178.8296035158,746671.0795046064,511819.7458985967,431966.77911154734,462203.0884332971,286313.3257181429,320496.50176460843,580519.0544571532,257909.16449260782,412291.337976613,287827.5394589912,827774.2045051833,963208.6823095374,348859.5765077232,794322.1828760525
223305,202090.5872183503,432218.3950490203,207948.04315211403,433145.6353743169,286031.43840276235,150964.03772837817,491763.87596203753,317885.84678059304,605811.076784231,541677.1663997868,583440.8704324638,970437.3683739407,762469.1416742936,457205.5108545665,535949.8639306733,289835.89125163626,270248.3577735088,509071.7640802128,149572.81727067058,518678.8369028842,270198.21605770744,428551.48059592844,681660.9037615007,1301948.5060872652,296527.788536669,240315.6423653085,208484.0429176029,734036.7004305765,205222.8481091743,376778.79790032946,1574881.023742227,351800.5409574912,156978.41271584138,332758.498307595,289981.03824703937,463443.12914443645,254562.38327989745,509481.13935691654,595433.169866092,713790.5636212024,313747.5992819683,325830.2360956743,602422.6669759277,505203.19145317323,412592.5377211575,396393.94766539015,1729545.1563102244,323302.9630048339,640368.8676090649,109644.84983795043,713393.8588593116,609527.1697035955,553968.8038368671,254434.45850571914,255934.00825783363,593284.9619011382,193262.0645550172,238825.46801350484,456144.1643806567,566394.0672230561,280599.17903679423,647602.2969391491,234329.19386077602,394336.1204932426,336350.57107501145,572150.1417450301,973601.5956768127,746241.8174200043,705820.8502868958,315983.34323982935,412894.7187622474,1182601.6861366618,182708.20502263476,277437.0638710764,427426.9194781871,405176.58234882395,1016168.7916673681,940157.4897405074,269411.89445611037,300681.3249683458,561062.7058710845,634466.5605065168,560493.4217986311,457147.4533324678,209715.196978492,251656.40105940265,335725.90878393844,439847.0639957702,733090.2568998449,323241.34504307015,426951.67688489205,545266.0808228618,217148.2818474169,586173.8380924993,182042.0474126931,492067.55828264926,846690.5059764715,844242.6151824191,343405.1159712667,548485.6623775808,191598.55961852192,251030.42962211286,186495.5531325207,361898.5204084439,786145.9522336836,856620.6956561892,135869.22267180745,202210.27975791425,601583.433435101,577299.2067064432,65634.01096951695,543016.1355026393,98805.23179137731,188623.29656475456,908679.3456011128,324854.77526206395,215701.96549113237,545669.4039309593,498552.70155286253,919404.6877867606,372513.83732912637,621560.8875771952,973452.8267648013,182198.42947958305,389744.13079170074,200885.49457449422,340872.61556266964,826446.4226472107,487099.57909662393,1252030.646082402,160104.5734641919,1412918.083543174,172593.31991642484,1447087.994832014,378127.4170871004,225667.1925863097,172199.0842547343,374475.04643463774,713596.4493795951,326068.18313183065,332466.88702049985,770162.1102556717,272635.83074012096,515606.9723457924,332383.3573117072,426915.09393430024,809438.7110365361,444907.23107682704,812408.2894844497,734972.1460045895,842393.8470158649,337767.946278816,1063186.851973217,223553.96365785727,419461.5891204412,348295.4013066663,205473.05674971797,148826.19924003046,727552.2078562215,154073.29309201968,556106.1894045476,227170.6939388124,347957.51661032985,552604.2166732742,423301.7437586764,220282.30394921894,518975.0871589931,469650.24399211025,441977.6844624576,995932.1580476067,717225.9724391995,231858.85312024897,616330.5175478129,107731.07243904016,930293.6259489914,453656.29859431507,195866.73853711135,256459.62207617355,230747.11282328947,236186.0105102857,404778.2731183626,113165.61070015478,574505.9169418922,179807.72536376954,818039.4408212901,192644.80865065355,329137.6480722807,609564.6740511353,659809.6482838604,300243.9720884915,292819.4520099759,363083.8529561747,447798.59476888983,726529.401100711,521444.35596023104,88237.37115022009,525847.7868516525,640189.2877764893,441594.78123073303,299385.36680303136,139878.35030259335,334054.3494926097,504631.9038153274,657769.6217361788,411517.2421147383,162926.62902266593,958956.7096516208,232433.60412429977,251250.90994218335,321133.6368698709,197365.01675101463,681836.601139935,971803.5817156876,288359.39873934904,485220.42861209565,996959.1192496163,425994.7729283156,914005.402639078,551010.2435474902,309365.6456625,750378.2110030291,566683.9068209451,443795.3693984179,1519137.3901240053,326480.22565638396,1760335.2195942143,223212.29781181974,594116.0849751128,1067441.6138301177,1030616.966669843,334490.437668286,229627.5288344529,252255.72214359295,255793.3611616129,225851.1767590603,420695.36624758306,612302.4706422819,432873.9917443116,236318.1192747751,431297.0344111546,272403.8816502689,954068.5332621456,542447.5722789096,286296.43812997674,416097.5224500676,5379272.663623131,254650.07891196976,332545.01445692603,327127.7042260948,368872.7067316727,229911.58433545934,600551.2515850874,197573.88847797172,485856.9918306648,210085.06729516023,293730.68642414,247661.88965195685,223092.69918381874,145766.66862262637,584442.1670926539,331276.9428115477,500665.86475698865,297412.3821179133,618373.2778378077,460016.51846370025,1005009.6462636313,446730.17295626755,326295.38397966843,376783.6122690284,269213.6216299734,783575.6906026987,437799.9990603381,650747.9794702486,302618.4422761545,589890.4115145673,489528.90067418106,972860.4733353567,509389.70954920514,552633.2768528514,917234.1309762866,309625.6088675806,162395.18106102617,159511.55020172792,1066035.7816029054,1081645.0250482892,651835.5840557972,308849.15071252506,763067.300678645,490361.91761629295,309331.5372324429,228748.7424390844,555652.1730158766,323405.209135224,1379264.8810812659,342340.1534926994,742140.6544915659,242133.53690633364,268198.60603584914,195983.19308305037,703301.8029477522,493332.0533922379,280105.7003596116,986322.8638992572,222193.86572042413,266024.6490130525,667714.9890821361,203596.865336392,347270.0304994148,709917.3714057768,232120.9733810896,449734.5552899553,909686.7343362242,950677.4410009019,464901.0061094916,277241.64174675837,247175.0680338973,1154952.138255377,346828.4545357309,696039.4069310413,348014.54546420096,184127.24907845008,282128.21312861686,1003553.8106344377,256014.63898766626,311337.2129889437,219200.13271767506,321875.54493421066,458601.4405007759,404587.00698800344,601867.6171714531,676693.3423755876,134931.24859492056,182555.75218195203,397631.38373836613,778297.4998711412,333868.76690748817,629334.9518660711,350854.1200070777,352314.2866039229,255429.4455947504,200743.2461309509,150502.5691687087,412636.62346413505,1183083.4066909484,394723.0350306318,615210.7942800225,186616.16919312457,265871.85349621036,1732527.2753374113,927871.997834537,437716.64250814467,827334.7893512603,351485.2177639303,237650.3254901385,1876197.6988118277,283617.79398805613,299273.7401931318,268809.40464377863,651806.0710662979,246550.41423301757,202249.4431866333,250721.41534140529,394368.4974747893,455513.12442769227,1112253.5959588578,615104.5117648263,487247.9491065707,392720.2853407263,516433.31182064547,413447.7799536166,211800.64767177336,404412.9834492132,100161.93002640629,427672.852257696,329059.4684275378,279746.5311537326,222609.41522484622,442521.5040143713,1122537.1822894078,405574.8830334038,553710.4594904628,160605.01737391955,1120936.951199176,725920.026742724,400227.71848297253,604038.6224158396,176527.47015769396,231906.93098270398,574224.0073577937,555639.9403631163,156423.39106151473,455748.01588170097,370843.08834604424,1517288.2998760166,583749.9027645786,401096.5219966023,188656.77797808955,433771.2789577945,541186.1039102989,558571.6971868025,747292.4275943948,422370.9194708647,854718.3960682559,739874.0563674063,528267.2021991564,484980.8314173669,597533.2754375363,270319.2748403832,104731.44023243306,107731.68491454574,1006843.8092431382,444512.0524380284,305274.9977777292,382755.70651538996,506031.3732762154,275064.7280572843,178946.8295216145,206270.39637013813,1878215.3713854358,664028.065163042,472337.04392586724,187277.52691527441,755540.6025352221,671609.5134627263,748923.4623268046,909795.6023373856,784392.9835771782,476704.90261994797,474599.3317311643,367498.0185556766,760996.9251241325,556348.2049860371,362789.82599857386,474191.3718613506,136347.374050904,241385.14945038586,591136.5517250714,536729.0430718724,404053.19608772657,435423.7192816628,575702.1749548154,407585.54771115264,364719.43774125376,1314249.7412011684,272150.26485151524,278749.56445468665,682343.5509791706,729381.0091958041,595158.4960652275,132310.13152775713,178445.02938228552,246155.8695307372,384972.8521544218,986642.437057931,177797.66944466712,250133.15653437845,314343.95675177465,656214.05889621,381437.83400149277,678081.8866808639,225706.33990045867,255271.44951736598,333474.656243838,284218.0123455578,212014.48418770064,375483.90961765265,137173.0212220402,324096.77917012485,709075.6532461642,697459.5798721464,221617.46555038425,657433.9663943449,626405.8986444672,888560.3675522165,778247.8452100714,174558.13074948828,275348.05202038836,272933.6398014517,267878.7550497938,1070332.988844959,389337.4071211804,1260671.9863659597,667245.5819463676,629732.463715033,298435.7641100869,1361600.2101990364,393309.9456393825,292088.3136696883,809643.1471600449,335981.6703293443,328328.3269034627,602955.7098582429,300905.6929445346,236072.9296230825,870752.17820796,179392.25979390612,631424.2769562921,237774.15992785915,87436.99521457842,459940.2446865207,101694.09238383669,763048.5039468392,706675.5194052575,286101.49565295357,444869.3248526145,206871.1803928724,621222.6806472014,404475.4713837846,135683.3252465867,268486.4461094629,1132643.2974238016,437655.4791573868,937570.6065593468,717184.5284476661,580842.0379288429,581248.6507430405,380125.66682161245,364518.85300751036,625205.4207612212,378620.88764137734,437040.43032520864,483234.12163186364,436209.6934485242,203487.17848922458,559137.498787439,255449.11721432922,387932.4797897345,213542.23495371477,1788240.1913803024,644083.0067157377,302691.77103126957,1005856.806353446,551730.4841558874,1313217.4278303245,2379986.0336427623,154722.04727693842,758666.9391885643,927194.7374974495,283338.99624981714,398358.7999085311,664476.746356647,277395.6363163065,193003.60139929352,214038.5278541497,205745.75718643965,89202.45499559409,255998.984658087,340422.1574518652,577321.1929601227,521906.8246451434,291283.4794498361,236022.53917489023,1258382.8664797752,261223.01042469635,193137.25908724332,1065900.002475557,1185012.8525306126,462049.70601341024,477686.6760358374,578584.1220897157,483191.4098796908,389506.42282973527,610665.2479874392,320676.79106115137,234589.50390058197,156297.2421863731,206953.01930345182,213526.99115449478,571931.1713467564,294277.0546639417,633302.3876237323,374511.43756829784,582160.7291526999,182904.41533077665,303592.9405219132,1191293.8289157702,589480.1891675624,435081.2826002643,276218.5027294459,533204.7761537717,404976.02408516797,916261.9618706132,288610.34382255294,254854.65796960503,374118.17176357174,170164.87266607356,830244.9032111235,596750.8388382487,804749.3955210362,259977.07278526612,124046.01332712959,524770.2151677668,600676.378588706,366121.1590409459,550775.1087498246,147033.57080488326,227816.127097762,392588.14221871964,349093.0588013468,162663.46053953795,977790.0172064854,184255.156346854,330280.93138859875,330402.0811052064,329058.39219213225,194515.7742354258,488763.2645483645,362815.2035333898,879629.7692402813,394895.296291646,335584.7104854399,423860.6750980601,476218.737718586,342964.18369695987,687272.3067765654,430714.485670874,755645.0780702811,330899.5155280908,604149.7465405099,435846.15595689736,750431.2854829134,404147.5147899977,234068.8897471421,666376.0628408551,289028.61039405916,213160.75826886273,230386.5415668234,366766.7185623196,128138.5969726267,257775.75642322208,427942.7002412402,770375.3516861068,128764.18579555622,1233127.1033440146,219585.08423532438,330237.55630184006,455046.5436419445,221081.6540496707,543206.2774916523,266173.26486892044,2018413.9924613915,352510.178980483,275229.95901960664,329567.0738055364,209472.80204783054,381587.42414031754,433581.1096710594,895824.2184542665,1107793.1440789069,248354.63350306053,390449.8839471097,277042.1953946777,213105.48344388782,818716.7895369213,545748.6465457411,318375.657733805,651986.1062998004,734374.295263621,175591.52773022657,322350.14010873594,1101459.6813764947,248218.32482714538,385430.6971811536,201894.72287275954,506030.11826798785,308811.1938247025,792183.9227993585,315201.4935742091,261644.42634938846,931153.7432269312,227367.0943972076,620637.1384286317,369150.1435424575,580141.8156650927,408009.3233731122,550897.3221678379,867644.3271983386,286879.2842159137,438563.271655239,273858.19978079374,1790283.4547549165,184065.9939423197,798735.5081424518,471358.62677334156,341599.440912723,141931.62185520766,327917.5065737157,767436.6812943987,436287.3410275548,480931.5330472677,418512.58681763033,437875.8259487819,173044.67372678648,191425.23970053336,404170.5572929389,147419.91484614814,252441.85621253517,2022527.6274776512,134195.99360325147,195933.13304962058,416330.15059644595,287015.92958601995,1040330.310995026,453942.27888037916,223049.02360219284,268048.87591862446,420362.23900315055,763345.2976627247,2976671.431931428,109859.38176654301,324952.14875605574,283271.4469987402,891251.3652900773,322086.1322586915,251865.43577821343,272913.7554918132,1164118.1377741199,1293541.4515946922,234946.71670640187,293135.68560313864,176451.65687453642,883552.4937802101,775360.7348962376,178138.70649833005,670603.3893435774,325155.9396354367,1521627.8977073787,1076437.8016982565,1128552.0719317673,574334.4017542986,170843.95204671,367875.446265473,888962.4761639496,682810.590069658,844243.2515634625,215867.64673090595,358140.27931015333,905460.1020131028,377147.2876177921,817833.2982900838,409229.6880113645,138817.58950088714,670080.412052675,346981.03209811193,1232974.702393711,192595.52306572808,326119.786957732,376656.63672891364,568524.2173865907,340164.97909253364,365924.7979373176,331117.57322614454,310558.11161333416,684950.2851851252,301003.3184366529,548173.5035721016,252754.30367272254,827114.6808710478,422457.9321844032,263674.419926398,347152.70138743677,585987.6564137546,816854.7168854006,419393.3309445344,652907.6248250793,352308.4088169743,615096.723452802,436727.8155165936,535481.4480195971,363376.8313320849,467330.1651476348,434533.5368246529,291028.45732383785,510794.96953071404,432369.2483602357,324900.51557407685,184025.7443812548,810545.3496382035,237196.02553270807,288401.78641264257,219888.1493810189,183460.25271889943,268987.830801109,914899.6943382045,261868.40891060274,318286.48344031133,426711.88677140407,766642.1435303396,377207.3489077879,455074.5501220905,972857.2949781338,794008.535171327,372152.97539743537,489121.802584233,553587.8041807165,1069397.9552862374,237723.4234196867,556843.4210614222,304834.1638423865,640367.5980679281,443725.0396499105,979965.0627256058,420149.93963356665,356805.8629394254,374619.71088323393,742592.2355339536,559020.4443237059,453175.9023543553,225052.75055647452,163079.21861862464,366573.2138652879,290973.13584314263,144131.2544262717,189178.9590992643,468034.1011496869,934008.666143591,694849.6549674744,234523.64845707986,394409.0284088518,161905.41565096885,1033160.0883459343,2047864.8756811467,376182.0422051559,1122237.1250573879,741959.1143818247,473752.41589238384,143084.5632499932,658370.8387315781,739754.6038298729,432667.8709642397,352450.1701454208,485078.4660486898,804320.4353296388,486066.4949555559,353698.0299538032,222530.0077657796,588596.9588080548,288719.16984570597,431931.859716851,404150.28755065874,777654.482892111,999954.5738217204,244931.44065688067,684107.5335680909,1246853.4611910451,700813.7783641819,227013.81236558614,233012.2938193656,516939.86730211263,460327.51681429223,1551152.547257557,285721.96897119086,595839.9721623065,177020.62506100617,449085.67771664925,122104.88133506829,198149.11411922774,177471.5224543738,129545.14866169656,638627.5822507632,647133.5788046113,297878.7302315085,559984.7152419742,238871.71778090025,403867.09035767894,512470.0808439954,230980.37626609308,232000.2665035506,492558.8107723748,464349.09798919724,492504.70661262947,399635.4796836194,783181.456032834,543771.7901875245,250577.7961141399,811783.357927021,467329.41895288846,267251.4116006667,751001.6515346187,504941.89349996595,289788.745857179,189069.82386606763,467843.97017508605,311809.46925914247,579055.9197777258,154181.38747374414,258237.5943078634,417517.7707010513,108281.64078456098,366759.36119903607,725407.0730488284,329577.44512153324,508986.2602660787,1147497.805521039,137059.38495659176,1091780.8336526249,807616.9248779126,197981.0824545967,457447.8962713043,755607.3646449598,133058.028163005,236183.6258525202,747614.7654176565,415773.3548861911,1024830.1981199931,1562138.3176765477,341768.35822675657,1438947.1230193926,356413.06781932735,283135.197193344,222626.51410323224,629977.6803610529,291803.85732869426,638111.2576712314,194511.10722291272,571018.097762592,748364.9428591102,440024.64201149513,870876.7273059406,1121519.074748495,306851.5494012797,497705.09694442,513971.37056086044,145176.79520976025,408383.5613076249,366308.80347850814,419681.6813590858,337712.15139329014,331545.81057088234,517879.0976574134,535016.7759342655,453546.14803869464,266615.03360696556,438351.7416152729,861984.5481215422,141107.9948766929,701796.1328189309,1067838.116235326,689341.9024838955,456109.8366205477,469188.7876649726,591442.4459641748,287867.3457718614,195136.6215143203,175658.46034946595,195090.95432055605,180476.19008825725,545037.7808512759,393274.5878435964,291635.4488026891,384476.22309865843,1218129.6209603013,58291.7812269136,106338.93683039934,720524.7471422203,518409.09627558297,593538.5288855556,703143.6929921822,148391.64732545972,173038.42969944284,466403.9702383337,506921.5010762769,425661.17184544663,567601.2341885755,639881.9230493008,186067.74691093358,401691.65202712367,280471.2877004061,838208.7554740403,1147841.7427182877,420123.2432329203,523966.9163249442,274414.40929823206,170465.92091439612,843104.2228549478,153072.48489115766,630817.5968913602,351442.0872660617,485188.1358783195,291926.10704971204,222903.8385666064,207763.32155995705,266335.6158975479,1043405.6920177048,372454.1236056609,477028.90675007005,708909.4525430194,845428.0410695991,468959.44632999453,280728.6221528256,250056.03694741215,580601.9800353143,212673.93243828017,489518.8952762816,240884.72450716794,558056.0108197178,284767.86332719243,197940.84762682498,197580.4068486317,365167.81950497534
307928,1337669.2170579666,665279.3582669134,282737.22912744887,284551.09390292794,492645.75877064245,110887.47958509943,322050.1763323372,317535.20849980734,349606.0628266874,935207.6892596676,386111.3928621496,523481.2321509247,742216.1455533229,184194.5323032947,1971375.5068358388,528891.529792037,318145.65841363696,718615.3787339578,820177.2575923378,352948.7527056586,509904.1046752255,887575.8302205271,340284.87787788874,655508.7255010083,1112380.0251194695,301828.9637636344,212947.04975995186,938675.5935613917,969604.0255011714,351955.5844557446,200847.34037172547,642876.0594327456,184072.46283122097,282675.75183363014,635530.0965546467,213978.3117438153,618774.5161098927,203625.1054082501,442737.6604960306,1937547.1247586447,166859.28680929035,451523.7909063135,1276285.8969471694,658370.6347712509,275880.86445320776,203484.40673162008,254075.6861989487,411779.3682220156,1109377.629346005,331271.66009640315,129026.44371683152,468708.1198991477,117235.50526324983,156028.5152357809,484737.78046945605,114572.45862744523,556687.2711155312,501793.102032568,176686.93013927326,289483.4823493887,380723.50586837006,111067.76783505997,359609.79674581374,426935.5742366512,471724.4875539852,560336.6588582024,770908.5916166033,1371104.706660163,240495.2991981464,382612.1742560787,204515.28724946306,1043596.9191729724,253987.8714072359,485498.80672195414,229488.99304957985,1300187.796759672,1886383.4665646763,445684.94838791166,1098520.554295095,672321.1103620203,691101.1288453521,996339.4710634765,234701.22777633576,269333.97006579814,277062.6715113396,655160.3439021659,350027.7791545182,600901.4959289662,149296.79502968537,1316077.6401912058,275255.8104082671,402170.5648656375,210399.77349405072,214100.7886257105,393487.44540771976,776351.8622620613,195890.0680409381,1171701.6102637812,107220.1041497638,1277979.789662588,577963.3815537856,269957.53999047994,921800.025478611,407661.87434330914,642475.6171905542,268524.2424520571,156252.80457791992,419747.58092566655,397734.3857114647,791530.4785365036,457643.195664438,101402.51333598586,1000704.3440066591,399176.0253098794,102086.2711307265,246544.84043681758,411000.9821829019,509021.21008940035,306658.6195195849,252898.15107698404,737046.9403688876,143910.03069086105,856764.8057973919,241996.11085168846,247552.0256297265,132100.55100873637,1045035.6459025432,1690234.6848585492,1509985.543353087,328646.46452764905,224719.2609099593,608577.7281487179,468487.05833375873,366342.7308476966,1357012.208061276,1041986.309420479,439056.2659570149,189498.65983412898,462927.5601856305,435147.1209615977,155294.96148886884,239707.47751618398,367330.83219282574,897204.6967081167,796191.8152127002,255826.47856406603,236045.59844688556,224566.87358927116,319759.7961267807,453950.6634780266,556187.9148899611,199027.20150085096,276513.0493643458,490355.62318031274,255363.2164979405,395951.3313926203,239678.9575376462,189061.81268892702,388080.8593691777,447145.8668157963,409296.64056165627,858325.653999093,672701.4875122161,467380.84266414004,294509.0148473839,1179757.4167448585,770713.8884460843,283231.12295516435,232031.63762421257,1454657.7036942397,310247.6979073035,458388.0992036622,240522.34786415272,196106.45120810907,564087.1469516912,259868.94382249613,267729.3213774486,212385.84453144434,274188.31895264616,578592.4829583289,259156.290349498,79764.2508113549,510378.4844442812,520603.9159904037,353853.63060884736,240299.99385644952,138472.20985853457,583614.7826107705,171002.05490192265,816574.9244947401,979081.7082308115,245738.37151109992,392121.439035858,198104.53612639807,904837.2243966459,1132829.8014021295,1991733.0494230376,374570.8267071235,204914.60761295745,198219.26843069066,1838192.6298744748,165788.57014846904,707054.439133441,481092.5200379374,646065.987837125,302445.74748391454,262944.1699356794,466306.1024735338,336101.368664959,844502.6377961738,440278.3673503434,631129.7933134467,2568724.505748195,342069.08247097937,1320459.0703487291,433091.88978023443,1392779.4670568358,234354.6795640568,119695.90783909279,443908.536944397,452882.53613794787,374297.74458511354,413776.1079005433,747093.6219519194,476807.65423483157,1068039.3489301368,134962.27233343743,347579.07124453475,456391.14682721463,202152.85800214947,176848.3747901119,420114.2997881862,1129331.9189189016,337210.92021336296,189100.4234336669,190207.01229236883,189357.84079416044,598004.3686892786,135766.52699985725,631270.8626267203,486052.73667399545,639608.9462599115,1587381.1441361827,344550.51496331504,237811.5783182673,230975.7477363847,395892.74396763335,349881.5874184657,249790.65706600872,1031499.2937604802,409229.7515324094,176026.66989035663,188731.74174234274,1714814.3821467448,112338.82004947742,469073.8538641481,132830.68584271954,248601.33425157543,592222.0750785168,624063.8999300635,550691.7931744109,404032.4603265075,509928.49470084364,300656.6372701798,487637.12492023635,736804.6866755473,316881.0712017085,181861.1480458551,600279.6175688202,237778.97407349368,215598.39455916264,349737.6386612096,330185.70983994025,349812.89825043274,438825.18532919226,386425.08521443565,775085.9209128906,160986.65785680627,494666.7633624778,388771.98932928254,515305.851986837,164430.9231175209,442288.71154811827,505291.4935132945,738557.5679003947,192023.53075124152,384955.15426184307,180876.68664074043,159949.61365363662,319124.71300142026,1528919.0916459425,558846.1997304329,205789.81547984915,256568.52531095687,354131.03704764246,207116.25234936728,388795.59244134586,647943.9003702328,187136.68828629443,102260.06997867116,578260.675987565,800098.9587958946,610310.9835700549,273790.31294929225,102166.75957405804,78529.33234644982,530542.9763010588,219911.06301958542,251241.11850725661,474771.45338254777,382359.0585330626,195123.91377635457,325262.54329473333,320941.5557882337,384702.19508980244,233455.71479153525,211096.03311425526,350259.08642424026,370388.73038870277,1026497.1782817692,308298.4865718017,480547.0705075765,259846.26596453952,398762.3285006749,236031.0789260793,271443.93199188943,800317.3786442811,1159126.7162297543,660349.8952931336,178113.79447554355,384162.8467739531,386732.271104743,269593.20765079,359998.2649538495,346839.26181583764,628474.7247527804,705043.0409883608,1666128.2622813105,602891.756039783,524859.3353918727,891928.2314749806,802939.8306698853,185990.27820149309,213742.33305188094,280577.51394508476,216525.31110638258,118572.48873593891,1191640.7937134313,285950.3986312986,913670.1040360879,136727.75858901188,379882.14654242253,274159.240492226,179622.03508293527,160542.01076679942,365601.32339709724,360588.1033316154,378128.773174847,309664.58359147917,1394431.7197451836,396579.8963771452,450773.06967989,704442.5590913623,139676.18022423677,374076.37935504393,402947.0761740897,1043241.6890781694,718881.9964905933,657307.1493623788,212681.46986527264,109587.7768441452,411055.8255976287,566499.5050599393,184781.38278725828,190335.93729197292,642718.936501932,634544.4653934425,2496090.127117302,150319.64292362495,516177.81466505246,554814.201108521,244446.08831299446,76962.84836132724,151942.63867039746,189479.21432411426,329406.06759268354,208146.03077786844,627025.6936653495,454312.3853999784,841304.7368670384,883722.5798755669,449768.7485021331,687827.7050737604,944967.9029910913,144367.31216390574,195120.53246960355,487873.3618536134,358245.77148206043,637335.493991919,361430.90505554096,374626.2381731209,103946.44052559155,594840.7892815858,105715.83032731869,386141.573768353,201194.2483196169,195341.54602859094,226773.23078454,429372.42501349456,165394.96984818572,203013.41123238948,310437.5948351442,320304.2661796376,1481636.954609763,176189.57715208238,345177.6481420287,183090.8822753922,369762.3911727533,495888.6852885635,528991.549643064,301581.36724674964,261544.81868396502,392769.6931210805,689542.671636404,866012.2358022723,238875.22369597704,159983.18431978038,329240.90188866743,400827.93368625385,258221.86070653584,780939.0727587888,560956.4158349751,487385.93692526245,278589.5406845555,581689.5470126998,1264936.0058715953,165422.61105310897,277454.44744389894,263336.73808751,381241.25026182743,692630.6191367351,285430.91656878864,427391.59164208936,416665.66941814113,835082.9890318676,309878.46150687925,456805.14363983803,582011.5059619433,1635059.2256068778,975786.0394151701,2554293.0224789283,289282.67471929325,523785.1839512923,223725.9552043637,264786.58021205076,242380.7597442446,247517.9812885454,227090.15145179324,247026.60300684668,245371.85237048304,662226.637331304,167966.27722734946,182579.28384900815,349004.9028102836,1511548.1953833697,451657.8130347304,219291.3731075349,699923.8942889813,231835.87837865105,326974.1959588742,489450.20220153284,802647.451171764,1174865.6482370645,75789.87651653934,547557.7398870648,322637.42167026334,194991.2805968182,272884.3724961416,180891.66211517894,1985388.950201896,243569.64353007823,461350.1089388555,303834.48889922997,353809.5088699571,230457.918927969,245365.61604806888,469106.216932216,682926.2326137271,574027.1957671749,676453.8100958101,624007.9142658602,845571.3013686206,473460.6177324576,426518.78224141465,351410.58624327445,892473.3180604654,390525.85706684395,1306587.7766223967,203128.90940157088,572750.8005941701,277629.8114864804,369233.25849458546,476578.498878055,895932.7961991759,664198.2343024439,273710.28883251996,680537.2409000699,299303.48114030075,170156.27403245756,584299.4358828586,785636.3153921406,110892.81083407666,276356.62559667684,265980.09040247055,389716.99004656274,374025.76708131796,546035.1739411753,687530.6646014211,219489.73140979526,508883.872043635,306544.2840288602,1314246.2341998783,1238980.6830067702,2560449.3819716824,358756.4215403951,182273.67122683287,196086.51290850822,327309.8176455228,224305.6221980011,526307.1736232977,209934.46035020408,929361.9526222353,246308.04523999649,158612.45328346983,538738.0901218096,234900.63551182835,657783.7012663935,195622.60475897757,769292.8029346189,189697.82818717556,621522.8596909009,273378.30454319605,395084.78984012676,906416.9611249502,690204.2878939651,141827.52059572443,1150252.3247702487,288382.7588006218,554314.8148463934,75852.17021409543,579182.9171052403,722286.7325591383,221311.55052891496,320717.73606365523,435953.888372301,160483.02150888994,600784.5985531942,236919.6180729633,282277.13735546474,351467.9014260697,123728.52225208217,367352.5465631257,245866.74035702064,822292.8582454572,444249.68502082484,408648.2854904216,408511.747182211,124177.70361728326,1450053.896693716,553182.9909840458,439509.62864884565,372254.9427547246,319635.9301555917,188534.94339569125,615664.7225139951,139247.96404072427,173478.3952394204,1245144.422784791,101041.03262206362,250598.1798907064,1179081.3958283702,335559.8375094058,332193.126015616,213166.1325132946,1190511.347283851,744689.0891354281,191992.85272480725,551598.310622705,493038.8403219324,334902.99460389925,475091.1022841539,806639.1308512331,246433.33733173026,1415498.3208274324,844424.3702681625,448538.41331174196,264123.2704828871,885547.3343536018,377924.1009275296,150801.2303573626,286080.4184914556,584072.4389379018,847873.9270534076,756752.1109045113,181658.0447361243,508926.51678745553,981443.6861009416,899791.229387649,288398.0030170621,593074.2489570949,509873.31707799656,168055.211141217,218979.750585789,262025.03592606544,959158.3917729041,840517.8140453617,344190.368998386,1203935.933035085,295839.10548492125,345222.7079272381,781070.1663530915,318634.74491417827,403446.58892306354,640800.9795802472,230547.24338991178,464438.5329788332,391278.2293165563,650305.1106965233,568741.0226376802,1032826.3013907295,527321.3172116689,175196.86447611425,724916.0780292981,245726.2836339829,259721.4446121072,1214723.6743203325,190179.3181495644,560425.3397175358,302345.9139379768,486617.91128168575,556730.9555029509,921847.464613306,340584.9815841827,605197.3777462859,243099.80374971195,1482581.4791827914,294646.693683945,506037.6175241811,835464.8873587489,324225.6001768958,557011.5170832549,265065.9259238046,180360.48180213408,321633.0839741254,592136.6741893946,161263.0384277008,931838.0828547332,329988.97552177234,105763.1356675421,381508.31064061704,111516.3618879306,793983.1548136927,334322.13305669226,605038.0982541603,375453.96453377535,608717.3352472348,359901.9974209177,742052.1526944992,494319.79921283474,337553.72250847844,461396.2768078349,252043.5023070085,105473.22942911301,1074156.567660315,205380.3738776096,272417.1420476237,124442.56885758879,258110.56603146705,1669716.4877278067,300091.6295702761,461651.1834997414,390585.53540128435,386886.2440993605,484101.7171857553,452201.3258159225,460214.6032900331,170058.49875324525,318480.15470453096,470531.5337657093,211381.51524476486,535806.5359189531,411811.4076106095,405104.8189581087,245931.0146243889,1798477.9297900896,920433.9555780259,1041642.6148718463,488027.78096773295,82744.96013911419,316275.26999435516,178544.93202261854,188441.40504198044,414055.23624262854,259929.78569454773,438760.4299513144,471385.27973218553,926334.5852367261,659629.6271112605,289155.73221990734,264706.0128881365,327334.22626674676,465621.3569696406,329952.99638642493,220902.71448219803,918950.969184519,728834.6062122872,709816.0613119056,546305.1967312522,609645.474503477,234641.91916923237,288192.96719923633,494080.9062331671,463423.505574361,1558046.1983303707,481060.55715301895,685526.3844230091,415706.58796852134,462121.1238453705,238211.1974478195,472721.4916432016,213639.16069995382,382955.39084848517,570216.2379694866,239975.99665826454,337669.6923304907,77550.65525307611,132238.8898171176,604088.6836006177,760482.9200285753,399557.0058955736,367284.552995951,454221.462969347,400357.0677900019,484327.0683574601,238562.09662346236,100627.45367015016,204338.28519637542,608882.7159717411,563930.3404517991,530623.2614810085,422499.5044442537,470688.56352587003,421380.4421887004,306083.4479121923,965517.8927375148,603639.7390155529,369474.41446467,256717.49133164238,752138.0729733964,321947.68083674484,170542.7069110924,721068.7797245594,820457.7955633535,840901.3843710496,315748.37348924397,429043.2221684365,190088.41038952587,584534.1656720361,436798.51250187925,361603.0291323261,412501.6376371253,550198.4428706254,479420.0457720075,441359.53212254023,289607.3291220502,1078756.909525751,613641.6970081279,614312.1593456297,446975.48566912743,410751.61986856844,2389374.781277057,440708.8753520107,230087.52727661154,659375.6305309491,459454.1343083645,589020.2005867355,813813.8031806288,226757.83867649018,267148.61523634254,479148.36894292,835074.6843099076,400683.15918661945,1091659.096883785,621453.7428662048,458301.680718441,406214.71126653615,272712.6976570164,131545.03327182052,888961.0406624298,784560.4436145776,258175.66142852244,503535.32853900816,964397.8058975107,114085.33810550968,481878.26048967073,361598.4828203139,210121.52145316798,356827.6888372472,626737.2147655125,289316.89309711405,535005.1403715424,2402772.9875383144,202715.12560578214,927371.7725621581,297686.86631888227,351320.3386600305,159105.5230218997,968030.5762589446,418430.5696263522,436824.6225542493,942926.2609483865,345018.7440017779,811839.9383196675,296591.6657434984,592882.8616488449,1124242.2948645803,203067.8997821826,1062207.1837926432,656659.3910670403,838073.0677985469,324320.9400906194,659715.1424037853,315037.64888194634,1454292.9473982647,959481.9661991226,494634.0662030176,222722.76385646366,685451.422688801,333016.95009749685,252915.0662140312,180554.1501643201,331025.84465461125,347911.78534562537,100041.9579731613,373556.8018538842,1660281.954139455,940227.8107061513,2313647.002224229,170988.65657237536,283754.6082606641,447582.49752008123,533919.3367317121,516216.0776047364,657219.4219325058,2159962.2662288854,811644.9716762269,568146.367715306,381031.4211376004,497889.62283641985,250563.29702389194,192560.57508665705,320989.436351128,495805.0730309878,882646.6761947116,406029.9180327901,438549.26554474805,578866.2189983772,554576.3791014579,316408.2051910893,205317.66109877187,266422.44563020254,436678.7055164641,204995.84692553504,147453.22215254814,939145.8583979802,479677.43601256394,254306.50672039887,342857.22318344435,457826.21464385244,964187.8770594397,675555.5619833105,745291.3901023426,801042.3701254796,159116.48319400215,417319.81570114894,931634.5863805627,590961.8494778348,880688.8426573807,394090.5915959066,556210.7398606034,568585.3235285014,377796.77312302566,628989.7842742283,845643.3163111588,419564.9566724261,683885.1827352705,376996.39558416995,1516422.500319625,603399.8457039604,793630.1951824729,172547.64428140447,422301.9238872743,867629.5887173341,1284077.8475634893,740916.9667299917,391944.4897266114,407340.6970383363,1118225.0624079234,511134.12460654107,76290.86057850218,283147.3475960081,116478.00129307638,1191724.8843797003,669649.5054901293,248305.4878474959,348032.4542251113,682447.1429123698,346089.2133132342,621751.5831029624,415491.2765197273,389961.77517311147,513314.33481676714,1301902.4274668563,277632.78737646743,294718.5568024016,708352.2830555463,407749.78021459415,401050.9387853038,253162.47859859298,617002.4655514391,553543.3556343945,224271.1967988425,426741.9106984937,664876.0379538813,321973.1317270979,193122.94432231697,182714.98053082245,474673.3119294035,249075.53011246037,833204.2265665346,361214.9813732465,299330.70233933604,995137.7072631598,235317.17908283786,439164.0078796264,380946.2051973427,459498.2371501036,613742.1672973261,415585.8897950064,324974.74236006656,714563.9865435305,1208674.3239665704,513440.31011873815,1137173.904808025,617697.9187222717,441344.95124990697,179548.06616182762,294125.7407568416,1070704.575829704,332381.10618825635,160128.81679634246,94048.33593293827,424700.95067855716,666271.3946062826,453126.09487835004,511370.7260707292,252362.0637516801,266307.4857574228,1095747.5329408061,498215.12127742276,255679.89940955862,338181.57920865563,476009.7650919585,591136.5653251103,2075521.559137684,254900.81439796204,156221.09078529014,241738.64567190316,546832.9139879792,358178.4708947482,281230.6885896341,300379.07085090654,1217937.9087623965,360349.53376189707,524655.9636857522,308980.45985659823,369594.7269203672,328734.23111340834,542135.9643222659,427998.6956045682,609491.0961461089,351676.47220777103,1003566.4971843582,154865.4554104571,940073.5865528417,225121.1877081701,370950.5056334961,575093.3256360387,197664.86356109745,138335.39366758463
218994,401889.9007433009,1914601.0491283538,431311.71392354387,1675087.075684108,515168.32430800074,1013936.8724451989,460977.03790606325,282480.3066259894,195560.3415817445,674173.5320096688,389882.80376304366,168737.68815715375,404477.88915589993,383412.9853945548,2982479.8775796844,561457.6305975425,601953.0504370595,238256.3498844811,558604.8194102504,804691.0933863425,1207093.2707499035,2217927.484070429,229588.82833379772,504065.45130165835,476845.5922431579,164033.4761662396,1155513.0934591244,339784.88129584846,471756.96616170235,399085.4717882645,766810.0183931036,601291.867485333,682259.777675913,268731.058851393,512310.98822995037,1107038.8319011622,378051.2550202287,556093.4121196718,916272.996767903,551591.4421145312,720480.2725221157,122714.78492326438,302539.6435663809,317851.4910051341,856656.1479282011,641035.373718819,715654.3575685929,890122.5961027767,413552.0898176419,496634.51116927026,250071.53472781202,181117.56014883978,428370.6182267193,247456.1192408744,190213.39002674594,304195.0275964067,877961.690494642,521736.67189022875,422048.8682705189,329272.94921990915,494829.8826835336,321360.7617449055,905079.12909749,1738277.8156869456,131688.2350760389,142339.9121030808,310440.2668083846,436308.0854096335,489095.9358434214,286428.4959440383,358052.48828775267,1544661.3990911564,1171831.7628648127,300097.43510393304,234686.359843163,133646.045281189,611938.9877267289,723265.5613263597,1282480.7963534803,484512.45529364754,251203.83528811275,241955.6563465299,304865.89818001917,711649.33967104,276440.3397396518,733748.8230196002,465017.03304709424,1280300.3281571064,336815.185038542,534166.0352858333,535813.5965172296,382679.4635584328,544633.5039083323,625644.4790920101,723334.1611567525,635523.4888151217,340625.5580577509,675192.736919221,303721.5107682649,202207.2432822476,323107.7353923962,214444.10486887846,415876.1343832465,720945.4097116714,188381.49709800672,275721.09639151156,839986.0066832422,216710.39043692863,350268.7474564929,1378277.2654361618,260919.35809209067,440619.5989540878,409438.4484162978,396799.9971094986,880368.6741800933,306772.84689974703,278043.5118432237,194138.87240830413,685803.7452825939,187196.18849046595,546997.9017445452,388292.46503085113,256253.2874685652,456805.2746861847,171680.368006334,460806.7298436254,255721.67232674788,395753.57837860676,1118015.7078265653,109561.48688490293,592022.476310602,432248.9493265622,782768.9682405,2823862.352787562,930621.9436255622,820869.9697644577,288949.60922167834,358010.95497350575,590171.3667266555,1166173.1854642725,2371958.0583611145,384326.68321657047,1142241.345035609,264370.75797119015,591346.4624036748,686699.4337261658,339109.9724611621,657447.5810155717,504141.30210596207,282820.04501834227,401758.655006356,223762.90537824665,417732.8609388979,360647.3696242886,694438.1083565704,355147.12636830274,704111.4931560874,868838.7273023783,914609.826186432,157477.24072845027,159767.9827618017,777481.4091914983,730158.4601069196,405205.2439615663,127597.78886856319,831060.7474652531,396492.20809683925,408055.4581085304,234439.41966257626,570859.5711904269,1251899.9028128223,1088024.0602890449,567731.8555032514,805838.9365390723,473723.5109986449,1047111.8041010097,159839.84369915846,955375.2833944341,194019.09629183717,1397524.9560505948,619248.6754504833,125342.66707762491,213352.21986488893,714817.8822820113,522985.3467716228,1125706.0191776531,239223.59133780422,753298.9856221847,435993.57841148356,452907.3515819766,550009.1058967939,197245.41471802696,612805.5204106536,332303.7028185499,895965.8541101945,528268.4151590628,686565.7743728975,689252.5091754908,339910.3732292534,1896953.236338977,90812.59810568155,1064543.1204104084,361376.91525425424,1011716.7826865186,799877.9620919965,230169.01851860195,563968.2686413844,224896.72302077667,536509.8668932647,537703.433461559,284610.0311383246,105973.49508928081,519465.28268786997,371832.3445447777,917225.5950781067,264627.8538441502,115836.56715965342,508044.0521720516,694080.2143698193,466184.85597827495,463504.44215892605,430796.48672892305,259576.21592853745,562901.3144427104,748542.93758563,520376.4727662442,617479.2310611877,1393441.897196253,438241.49869150255,492625.95238302206,313260.65384602203,793154.0998765548,324248.43137512286,54849.49232025274,199506.26208936656,133370.430853779,436916.91774464544,1117441.478084378,448651.29977755295,942997.1109320717,1107325.6315979636,307967.3238220582,787354.8605900864,506799.5266339374,488179.74890469905,131504.49290174985,830698.6075122772,229875.82774676217,134804.12709576197,1013448.5049873394,276069.3899740103,783063.6551981091,2401323.3376937257,319288.89516978146,301055.3918332835,266025.4707143962,153403.78113286785,564695.4930756903,366815.5234301605,1206028.320112913,320151.2047801869,950178.5931934741,1572435.931955691,316016.37624409713,228488.669889255,299857.16822737746,333283.82192186994,193353.36492439397,241000.04447590167,455104.57612925314,329617.8070051759,753770.3421933936,770901.3750259471,875373.280863321,241643.43078044584,940945.3226923768,2418580.021569219,1108732.0019824833,438368.0759445419,312111.2153387798,876322.804746851,97997.04799393244,106956.89933242253,165804.03719092664,239196.09357289068,825623.9121386189,438955.5006420789,363765.46385015827,83228.05523239444,193468.14749543375,204853.96312994146,869968.8985287353,130841.55934955896,571421.1861455628,317432.1797904608,248969.48077813556,568162.2372418824,1169454.93842738,390086.8066650095,412418.5722725716,281006.6528378865,689985.1130602343,311560.4540284155,619550.2370154661,96746.12497983727,416883.20086212683,242066.56429872639,362849.0330289505,208129.68926495488,460323.5554529649,483097.26768022066,564662.1498159122,468911.1058267742,311463.5939710025,775410.5366246238,273408.25752727455,473270.1618250219,748608.2235912399,380205.11024951586,485295.7670113385,454720.8642624488,377559.7750145776,156973.1417113103,400316.2141380761,185683.7200503158,543141.9717117697,294835.407499698,365271.3369387587,554851.184592144,556574.8667418003,782245.1149358721,499470.542909048,328113.2568751253,357610.2711969083,357800.7917043791,130354.25170618844,215810.07921942355,1076425.726596719,903304.8721458167,1474576.1971563993,1456767.1145910302,3252055.3584370813,58845.208963954385,620993.3365188302,235773.47319396748,1157231.269948608,800304.3995570792,566886.7109122905,433839.1366683501,623400.462091198,505540.66268125374,885497.1136508443,1276642.5318673844,327641.0853799452,166382.49940710547,1404535.695291957,143999.76323813695,510251.67648830113,283826.9674283422,347344.00635168725,328108.46296050516,388832.8807071966,635605.7035394716,377839.11730194546,559541.2382016847,706058.5096536824,342780.43725119595,191403.6956950638,844215.170606774,100004.47634613537,294139.1486199268,353348.04471518815,882332.0509798788,821173.1562085301,200882.1546376057,143118.46427406775,507283.6488524799,182675.7016411421,354947.38331844244,410603.9545189779,224152.9549161469,360240.7630871976,626185.1079473732,500783.388556792,106577.50175829636,420113.82623255614,400894.8182737377,483816.0178237508,337826.3507587369,526787.2881336714,238482.28018843936,1056904.786101547,562258.1108410506,1115288.984593833,234658.26777679945,475896.70579831704,957392.366182875,227964.59192234476,339973.2474358508,656224.2599881039,144194.5047377489,660175.163831541,577394.6459691904,166425.50764588488,110298.91317853684,334947.13627199194,120743.56757437375,334990.07005500665,662157.0595077896,217214.60679161764,538834.3177348226,237683.29313236682,1930132.127241329,271041.15075542626,139566.480373221,1019932.6380133219,854607.0692611118,687580.5077938024,137749.2371563711,226362.10355292197,994750.5158728726,1461657.4804185638,587540.3398273386,1622462.7606888183,965361.3281307084,341156.6420504077,637884.2035393796,191182.92406794135,273282.24235869857,485141.8736124625,184070.66708073713,2470343.6907177153,305793.4454103145,742287.0023442839,555367.6597206605,347529.8187426524,405893.6745453461,552142.4503004273,938183.6473644963,1571763.4841356305,303086.1803902119,554255.3365165794,618172.3064917201,399891.5549740893,365581.01829778356,362471.66629185755,606323.3184245288,236811.34321423766,584988.2476782089,881244.3651361435,609811.4242693238,235606.23279858052,705492.1103108221,134376.62280716328,80528.46344121886,476068.57105054933,367982.4207837624,591572.1274488444,370581.71215980535,596684.2320432782,740327.1724518602,551594.2780639442,465444.4562935348,399586.5786996222,402733.1906469964,409858.5602313839,225206.5925601437,940461.2357731184,115777.19047061204,580452.0052903359,1647843.793691229,482608.39396640024,694780.1463419175,776421.0776061708,160203.56014433393,532957.8996200407,1135683.4235116388,465829.89194436214,193770.84506529671,641559.3151154107,449149.95817221375,260835.49907531927,594833.2285572161,347968.1133211254,316341.9441394991,1299138.0658072068,547341.735630689,101265.9293630202,421092.43634147797,429601.86154731055,676131.8948918638,391271.37187412014,807263.3921348825,410865.48738017073,261532.02459852913,577769.6348225946,374122.9075298257,1898224.0215893397,385893.70793372777,227208.65896711216,283379.6896923951,283495.00295064,1215578.2912078074,192803.54304402738,126495.8914374499,319510.55382569035,827568.4923768222,551741.3646326025,570621.6695224431,224843.0211679067,344934.4091293034,548644.2917876821,1309677.5384114962,87728.87319358396,1133856.7281233016,750078.155647032,459527.10328555503,509688.93713624746,492273.16828050814,500576.52710546093,561400.2521348713,479431.8754976442,1509966.5826268392,462301.264150656,583023.8313237589,249643.05988541467,499425.22192017647,355756.6124473366,388536.0346645204,452921.28889212385,873862.6033105869,238488.57934798155,458869.2226649625,384841.4586070088,649114.1456966989,397682.95430730906,360151.77065744007,672788.3521193644,392552.375075516,397147.3667006272,158401.3126260922,906350.5055840794,228708.45218341236,440314.3032990825,361591.9162142973,608014.1068971112,114157.36595504376,478199.5228636341,402858.29433836683,495349.606189837,787622.7530160219,253042.71479000337,186161.12149848262,442683.6692597801,431338.50810434733,856594.7153082639,256336.4875997436,563239.3362862509,314989.7070088872,436154.8325038543,467241.85916039447,150872.03254077595,458908.1071679288,163197.29507733087,246539.4088628028,1496943.140059487,578187.0608850559,304775.6150488318,646521.6349602416,1097474.2297357586,88781.18571334967,393362.7428778237,477848.86077049345,407121.4442322636,1027405.6891270612,260527.15400372457,593908.3659925525,846791.5921855058,921339.8581587024,353997.68436441105,259097.1722761002,485615.2845057192,235184.4437024594,454732.82081679907,856310.852233103,498835.3168419273,634198.6849485285,1136172.2296281129,498658.15015852795,580850.9072877072,1040733.0004628208,414326.3752638614,162670.37896125132,191622.55559408214,191093.27862651736,692873.1249477023,818601.4439942384,234778.45823840494,304582.9705038069,1348423.213264604,226269.16482690698,253935.99771742523,218139.38002076605,273637.9025742019,290267.60867664625,375269.11224533536,841424.071676874,415704.9095731809,180493.84993820533,150022.75191141423,668931.2014965962,183230.19532400538,369734.010363212,447433.80382899375,439480.4994677762,199888.71513374243,1043668.568071401,864938.2737932178,1820791.8648981198,556766.3813304757,274253.18637760944,643345.1554811011,944196.2350215408,576471.2463832238,705147.6927830667,392653.81071384164,768694.2806968897,568415.7774210753,102115.64463364534,247514.60875049443,259383.5643273266,538092.2624667303,629113.1330541178,1778586.6663978547,733780.4825409908,677373.9366755299,584721.1094226055,529293.5781869343,326302.399377346,843896.9098004266,358051.5461788141,414912.99936496123,241022.85213575003,138043.55947510558,316152.10772934137,251930.1963747587,265072.4330140926,324258.648009931,443690.84227962483,596770.5004588404,231980.05628927998,230035.39395293992,1089189.2564615062,424452.41296216665,759973.7517240944,234654.4315081172,229352.137687902,381031.8451675694,205393.23393167404,627845.8846490919,98707.54476374965,354691.5568267348,243620.4637418484,563991.0384273673,290608.0090720495,468561.62394929794,211571.40483535267,834411.4788060373,399287.0336586716,541345.9265341378,589568.4275313752,1681374.7625132888,372089.4586668219,914258.7683130781,617653.5753222407,295812.1848209318,230637.54036948082,272644.2823449436,490193.9442167356,391263.57169280824,1201722.0193942618,847165.5894928541,1264571.329295012,261318.34807270393,521874.4128399574,489057.1262546508,767784.8376523823,1163052.4763531392,269195.74890079943,742167.9166698238,168645.85986120507,236934.4582051338,627609.5828540231,1446181.737561101,525839.8571856522,333220.34406799567,422569.5763115147,1032211.0928479952,254920.48407982054,745352.2464846971,744594.4148516487,240305.51539952337,1144498.5100330247,603347.2655079848,70249.78280497916,670745.8412316901,415631.28037856176,162012.55395947985,756479.5303689247,347150.5122870058,307139.5125554676,372434.2775526686,693737.7630171641,564780.4561407338,340184.55344025657,654470.4847092666,988713.5574538325,716162.540418278,776340.9346293119,1634445.6303020117,437422.20897639904,870173.3041481061,197648.58616639947,897031.5732640806,253624.7544897322,127630.19475380877,719017.3953451813,304678.8672665572,435479.6211352528,429903.060131899,257578.87071304332,728765.1653593844,645901.3856366073,1769416.4070840767,439369.8980867931,960729.3454097378,1229456.743062472,740660.3925658312,371563.1500946648,512216.7191177147,423319.94744774787,531024.632904908,394672.0584527223,1902131.2759044184,422626.76475188846,412300.0452145814,536608.9697322039,573878.3109067323,363491.96630948305,829143.357917805,266521.2399422508,271768.6534261004,403795.2764807976,365899.4101726415,130904.34877099296,1424298.5819449062,1421359.819231321,454623.356378542,1590148.3684633009,441653.5492365096,779115.2293425292,474114.56642611267,363856.14476494957,309135.33069297957,635672.7052470936,482685.8883007042,415351.9169721188,1558828.4296726277,301270.2588232875,699496.9185943361,398611.3942425847,422878.11915150966,65504.6294035254,155145.56471907775,1076073.5627379706,337405.96586716105,555995.5622424657,368693.1156521197,578029.1196882819,524032.55203003,226833.21810776438,403345.47980446834,228102.46019354137,504240.44776062487,103203.9834911789,958584.3768014268,551196.0659713477,277748.01001037273,514948.3449365456,110603.18602744667,1109256.480750841,490296.2948161308,170921.07011347119,476198.6280920921,779301.1379860329,492364.0653324556,489794.6614524897,872085.3808623841,512362.1317878763,421032.69727395376,864031.658227498,601892.7939858536,3032050.8338809772,840275.7569346204,521723.6362263242,418509.74603405874,358166.1145067975,500147.7352043229,623832.7395755927,531979.8595403621,256375.9800142247,467911.3805737019,471956.02058263985,694015.2080294018,187014.36777916286,391413.20448900183,457956.90537374903,341504.8388815457,136569.84921045613,1002500.7490453179,322135.0733605865,1100085.2276471232,194027.42243797763,344884.7687240962,417343.78277992975,709960.3634244548,1390903.6498038943,388409.18987398414,926978.6934377853,298781.66484865925,381004.5694597158,1361842.2055485726,547741.2003691153,433947.2071775072,703772.9851060307,482121.99599857564,504797.0111737916,284149.2415114152,293364.3711197255,1100735.004961235,625170.4316563301,136602.09134800715,134424.0087402592,1466254.6685036896,1144126.5748501015,257492.35973217047,1387190.9106978986,276682.2500296314,540065.3264129364,304092.65185388393,1181777.9636590409,565851.6938948218,897429.5964370493,327057.51295885973,953024.6678046886,788250.1833411157,1230134.4296491856,167512.54667491047,156610.86327420935,2542652.7966953986,730429.5765529008,464409.76339477976,651957.0115601773,174542.42682234952,196793.14329204627,2042050.1038034433,228281.1311324021,616936.5059909526,118195.34280179314,386489.99060265487,940423.1754753509,498874.81122852664,1300193.223542021,632705.3274636602,454782.2400031589,476363.4337247537,203250.67328576147,340011.9845067902,252862.14209511972,566764.1153999133,528988.142352622,645811.9219841582,428970.7212381406,267998.31702842144,652944.0679381554,629993.3397340588,1369785.7037776522,192858.65822840694,335146.0266142445,435673.72760300233,592141.6185183605,379015.3254579668,159366.0135970029,725826.2064894218,582382.1329184253,614691.8030526796,120170.856986784,467823.1369886056,606696.9619560168,196055.4915608603,385766.12863907363,160224.0653517983,916432.17342972,914276.9165454969,318319.6283458337,343592.2071847038,1720435.191298943,402476.0363852208,182171.27790865308,595534.3525916502,369960.0495265349,613302.9297103403,795509.2821470032,654934.1032376435,162739.27513676567,584381.9386617317,565854.2290154741,227703.49312308474,611412.3094018615,839548.7175181295,345686.06969202746,319920.89774630516,813877.5968081462,656455.6837053198,781607.977597605,678556.6442535867,2048897.4809817001,296570.4822639771,1062741.9803844485,358972.3063371816,794925.6491824376,1186959.3176365676,301477.8626598573,1619220.2380459567,371849.29489454057,237944.21550233773,1022459.4396405509,233064.92639386156,777260.4797164358,193482.81979368054,296025.29446266434,163717.98143375074,611087.0148504972,705948.5922355119,717300.8532051768,1198439.5784651134,309192.80716157303,241930.68589889235,205511.66435611722,675519.8391273894,341726.89792748436,1460569.4564274116,630486.6730941387,1772544.8609440415,325248.5040614461,198997.19374785075,626142.7519685451,547871.2280079965,266756.20658581215,230373.2483244091,508366.80931094615,289742.82773913094,299430.7995789334,254215.88011980167,311605.94730628293,366285.7602451962,203325.6300078809,656730.6463805935,230086.1503277091,245676.37224559422,169365.15456951823,152950.04217104943,754839.4602282755,243568.40218389846,653297.0044957178,152882.2273315339,495702.05566727277,451372.49998605676,70231.02664047641,966627.9036839698,177274.14399120814,508848.5825554487,495411.45762305387,580144.9715538865,647710.1214539409,232699.09507510776,1292311.411943198,1522817.6541855102,976199.0860761317,162416.51630894814,346246.67782045016,561779.9533714385,151062.95338951278,400172.4317952298,203207.75753601684,321148.47232898395,1794226.6956109267,185195.96894568915,806345.2185135589,291836.14981258387
137711,326063.88844478177,352314.40355134517,148522.07978577632,138419.7254703875,127060.26474316852,344106.75321462785,533944.1465699194,403211.1328697392,652917.7142170507,677337.7911065355,522983.6958916052,321305.7107277464,436653.9275929389,901492.2583731791,507642.19483378925,312570.53770227433,390225.96348542033,713528.2227934476,233633.26601980897,319258.1440304562,368424.70818008156,1340225.8217968813,560331.7611668799,396277.76675982936,197737.9466823432,1132565.267399025,223430.99931493512,329210.46557105705,506172.40689239616,1219062.54142504,358618.31466490874,720625.343587908,278249.3207611568,193561.2676267537,131364.854013409,185066.32304288575,370033.2078512991,589258.0514393377,516415.78554211475,287553.38328045676,949504.0864863408,139218.5789693366,145204.4372383424,588496.3673387603,295642.308059853,1404644.2019856584,263286.20489886065,241366.50044870254,1177410.229513287,280567.6209488477,528111.6236679988,827290.7481603425,443435.78060540574,308589.6781385697,353354.8120138942,1367147.708036517,607421.4383808984,151702.67580677153,243524.8974312787,717628.4229203801,463167.46485944313,89498.47163290695,713157.0707382627,514016.94532878057,612685.2516384042,260509.65586810373,293513.09222358186,426240.55784869037,158631.31161451736,461777.7993924559,1037881.6823671962,572734.5123983242,436584.6641858208,1058440.488318336,92807.38233755558,281848.3862666475,227421.99810049275,283689.43310567155,1007829.7689086886,3164939.6095545744,471590.86893631064,590349.9141447663,1472271.6142131758,198549.09470141548,648749.2554639205,175305.9834961596,1257571.8771639941,944231.2902039873,900439.462621856,417704.41397565167,376920.00797826576,927363.0714993494,215817.2691171442,180856.49194015417,307890.4939119256,1573675.0397028571,363022.93914188497,361085.2728426618,320933.05788595893,413691.5783407076,388633.0963697168,392835.678223418,329078.5317032573,1015847.5425785867,761166.2000755832,257766.62708164105,1193968.9455370468,403741.60709773895,849020.6487562195,509977.11508873315,438118.9460708554,892349.7983712511,267593.34023105726,283087.5060860431,258892.0053726608,546206.0352097917,199569.11313450008,164546.49920562486,364042.8894278876,407517.06798443664,874245.2251272182,375959.4850427201,626462.2697412076,229498.08855007208,299680.3623677616,291442.9682788154,242475.18653359154,685884.8795272486,1045894.406027111,597005.4978967421,481202.9400295409,380495.1561270461,2256561.882800676,273368.3944520742,222826.22452108318,352385.18919553433,103563.54270004062,779014.5715885924,361450.16428518144,645554.5572714246,1604388.2087631507,1710282.5630856121,1269827.8546356447,677523.4175778857,481468.03218265553,337141.46599895536,709433.7133763692,392377.214721975,473872.6754028926,226786.09407224462,1259525.5282347267,409489.5069334926,126530.55795184903,533716.4125822756,448402.10667301517,252468.34237051525,200049.29378917182,411531.70960751583,431575.4189753544,380444.8653855607,248251.52247985124,742481.1407109223,512978.785743256,355990.6303296183,409238.8363558779,192177.6743119952,409154.10947430163,199967.38897843348,396756.02353042795,411840.0413839591,565694.8821019867,242190.28533502342,407881.34454517125,441089.7623423925,366863.31558734516,531590.1899966811,474175.89281836344,396990.21148118994,1303520.007986008,351906.95896890084,564378.140705247,1677600.4714591827,187501.1914457703,287210.2833612867,231385.2984294584,225091.85844400345,538799.7365070912,178914.77954394155,229644.05606503118,665755.7999237663,199768.15688775756,284445.35122589115,349727.59309563483,393155.09281322535,351067.7332752748,917583.5525035957,929530.7226588763,428674.5127157755,196693.05121328132,971579.7123551345,484748.93461474497,792566.28889692,501786.06398455036,323878.189611771,646636.8891652247,458962.4847826178,347396.2449579809,754878.2098003317,742147.3673149021,367736.38107434916,374009.3779381961,195252.46680517792,440477.35260601144,382803.750788435,196949.47412213133,322773.33769328176,239541.002454796,1119159.790401315,711094.8825438524,398894.11528264754,322688.95446557575,429244.7940108036,234551.09951725433,300591.5750883221,1156949.3950654322,171070.14278328675,464106.45614279504,462384.3572565028,708002.8894058563,325405.5944361301,439584.2094863801,623361.7505355235,336284.32212763524,878048.5771381829,561537.1380452345,546148.8566035776,682349.3716659644,443723.9645735662,494353.80542565207,928643.5259964888,383709.7298241583,1999846.5094088127,611891.910076942,1077964.0075824028,537237.4681025861,776207.9112141064,600760.016107655,624169.3630996621,205393.98673374671,324407.34876567015,327316.12047678273,364193.6556507032,669663.4203132596,918280.035235465,241445.53014356093,346994.6602123503,459695.7938440767,229934.90995643326,220453.0652193198,559616.9368005402,368171.5332610331,607148.6679759783,229663.5159534401,243531.35437406405,941112.0294832,540138.2347545734,716784.9178729038,1143914.1027259766,535303.5760314537,494564.32888817915,580063.6774452145,610771.0372415289,144900.7202754367,536185.7591940054,907003.4783080464,573199.5136011392,570034.377753387,236090.41333850625,174817.06024431105,716231.7748771054,506144.2479454703,342571.51509302016,331122.1130467583,531376.7263741767,302623.6363605288,247985.4573277482,818674.0791465284,1016986.208011026,708769.8172335639,100214.2011072499,603965.9980837313,321185.5878557094,438968.4323886969,340302.33336056944,840226.8826737952,700914.8495563684,916261.2535960664,169880.12536473773,367422.9654866892,676904.6450748559,401701.32822351396,229278.48452367485,605106.6950582586,634674.7512389139,379981.77529461513,925576.0542819448,237317.5434794549,1093979.7158149234,334661.2632948338,1669701.6362150763,1066317.8607119685,724341.0083663865,144836.8669925828,981002.1024406705,202976.30726767404,526476.1816791167,886156.029409508,2216260.828545386,377447.5835501911,1586633.7769218986,944669.9396225557,873241.1574583469,254705.93460721773,594310.5170939087,247384.11966199768,446525.81058153213,462860.0516673126,804669.6707808306,151591.1189070257,375749.67557693867,975872.6514817397,893487.3696846252,841049.2323857802,333170.11140573217,480130.05210842146,272041.175206858,358222.7740374369,582649.5470711268,346038.8659640709,300380.1785781527,1276657.3523404645,329472.24707518914,329234.10071421927,365995.0838373455,280937.4520703811,335411.72769260645,205088.07346769827,291204.54985291226,304176.02426359954,474593.926277197,384215.192304267,214494.5630660221,338324.09825957124,520713.3232178752,180018.15202298402,1149437.270584789,661967.9132570183,1027511.8532979012,1454953.4413730137,166080.98750092273,874090.8871623711,391733.96124820044,669252.946678322,182924.1152843225,782389.2517449161,602852.1249238936,301130.7904746772,778407.6945521442,365760.18831628904,612183.3618398058,270360.7503273627,345048.8725491877,1045714.1597474174,530853.728382309,266956.49382718245,730777.4451226424,626168.6253315972,805666.8715362563,385244.94553537486,406268.5027781255,662817.4417803017,310799.7400739681,883229.8708787223,663824.0320790844,356071.8607354923,325900.74598685623,1286139.1056587102,644259.9888250502,164720.54664248065,539018.1264123744,382833.1338526536,992382.2395950498,702637.484361198,186088.34475159954,916213.4526376452,259436.25646443982,356003.2184170871,602469.2803301596,229358.07582755684,269948.5630880472,746408.3520222744,296917.92775583226,483932.0821316802,374101.335140383,461224.225681425,165181.9941528721,467588.4713458009,425220.29746972746,1215535.8349021927,212692.99367353483,1285179.0540081114,570982.3527025379,1441337.9654311128,322606.1760835821,431450.1363877479,775623.2208951381,341269.51518662524,335501.482364135,1174753.905440326,529106.515607155,556562.2076971285,546160.0501214343,137667.96637597983,1173247.2453122854,525722.3150676244,1055937.4013608238,329030.29347474896,587338.3169829255,445925.04558220593,109810.19316038718,323675.7166024379,429211.89153867494,1077998.6577603836,2227494.426881823,242422.06108240812,405391.5416098054,416491.69427745085,373659.0595195544,399176.4954030262,425659.738237172,856549.1388534573,807439.7980546519,220609.1614240912,328547.6710116478,557244.0399893651,1360238.2696409107,581259.0122091826,110185.24329595179,703259.3340728532,190086.66532571334,108565.17950424989,206060.11931179545,247668.296121795,573599.4181123025,796789.1101726373,956643.7613127051,592803.1858333967,442925.4506330635,1117756.6645402734,610260.9186068152,623457.945633055,547810.8186298892,895527.9012291195,228723.52588520473,370938.8948397817,326304.33454846137,169527.3948160233,223104.22169732873,197971.73027794727,351893.3378144147,212853.63333989817,302337.0499692639,255834.40798564733,115286.08948392374,457104.3314934088,267114.3448706648,220455.91653189098,442463.7827309267,645891.4287694214,567384.3391350594,625597.0524427989,280394.5917689774,1400682.0743539906,994002.3071447306,324198.88265261764,1098967.19274776,475247.59160164476,170133.29387492005,755743.5207139131,222589.29780943543,732371.4337491746,416523.9835968493,276486.98676318757,1191546.2269935445,559128.5010489653,462788.24225405464,1185906.5558077504,822895.7725952369,517559.6447592062,739002.5264310411,308934.7987934335,874663.2455941967,136862.14083485905,725868.4801233336,1292192.0661891135,295733.76502576,848844.6144879326,528823.0956231311,260801.39706311302,1101044.4947328249,563200.5924240178,596178.2878723744,718684.4986120852,748505.5172583978,341085.44685984973,195670.28090374262,151578.51797731128,942443.4682011452,1181825.0342569773,490653.6290096738,213660.14270787427,174192.81024539322,170315.16796252862,657533.5412695887,219607.25667977205,452708.3526219211,162718.60026309403,687108.6243258946,228410.93221463382,423168.7845514371,922875.5455313162,684846.6505491436,242671.86190130492,504504.94749166054,195548.21830790717,538347.0005033294,122572.11817286802,822256.3710097031,336528.3995944243,1270532.1669477557,1062454.6958809982,1104167.9039215057,1932063.5869384303,435980.772789454,521460.1098499437,811414.54982138,120031.00649302619,125215.5908765056,268876.6037390258,1017724.27988448,609014.8727123755,431803.18314574164,98569.36489756517,361934.0651292429,430225.19480878575,1645290.9535609055,325650.93588151963,778135.896121567,513078.66275903094,610711.798446701,685941.2650633457,545857.4191594073,161154.27302877032,379214.5517139168,380603.0800931604,2287135.892853171,381619.769502158,404742.89203540527,649113.3686251288,1268495.172847598,574768.1199750821,452655.2132698755,205406.39920107412,223440.04412899713,492535.37739939324,252600.99343322183,227999.86656388373,874138.8176835969,566531.2879981751,487949.11658984487,828235.752194675,421762.60900470463,483932.5721540907,167211.16013422425,245729.25179473386,971141.0273107584,388309.1164607242,568695.679270688,325005.53392149834,156107.22567645815,299455.72724480584,252180.21846615264,356057.79024139844,439886.1696287833,844243.2893580616,647179.3727828957,249513.02879718217,375534.82307840267,421845.2105156032,503938.5874860361,110244.90071889789,281043.540286124,412131.20561499824,826261.1940031032,540834.9743980087,169322.39806250308,368174.38076427934,785122.7813719483,430665.7548809645,753318.787781705,138849.30477953062,683581.9941647835,511014.17990638694,375325.4860446866,91851.93813067983,332672.1339479421,532619.036668806,216990.15865538854,1145804.2648064254,787402.9705888117,327295.88828896824,753216.8796468206,297437.95862197544,2000598.800688425,241308.59296875208,388252.2359489954,428744.3150971338,192813.3773805483,557896.3488372979,484472.0128818152,755019.5684298021,474752.4780167048,217468.8002066787,371091.91578801494,967372.7444281039,901969.6572728871,710872.058291826,609544.6366392034,308394.43244926305,356421.36132236844,267153.69312026445,271884.6991494325,428535.27704159747,183519.0029511966,166166.84883507062,1560493.6123866192,696589.5489032848,893787.5275676969,210108.49098900528,536613.379038512,1115803.6011919419,258638.42379248288,612691.9401862101,155567.9628219903,1011766.8247079619,598489.4140129022,369325.06049557665,371238.78983655997,351467.3115006185,221219.74687313096,624410.4293883466,323644.65900922474,432698.2744662162,1014146.498693031,375121.2891948379,129056.15801349368,2448146.5499408687,389290.69701456575,1148054.3777359882,586729.5885093306,624410.1329716756,366500.51515910705,1344939.8146917198,807064.4924003911,312734.93222118635,982590.7494307802,840938.104104337,446709.95329340204,383983.17382222984,637514.8777442039,434825.625053792,523574.29060605227,585869.9844438304,192539.18341893159,152223.2475545433,425914.7237305313,320293.57035782834,198019.1207749234,1143036.5934239412,108424.5453160032,497068.3859464923,869224.2219789041,239126.7968669967,264219.4875380546,344043.77599799534,458909.20444469317,233326.86615801608,394263.88771712605,324935.8369048104,240514.289106588,1332162.700758554,467330.55154819146,2372004.300217689,571446.6860694526,107273.82267393383,432256.9063621214,449748.6180538183,904790.6732534673,549653.2811401815,607008.0276055987,425744.0239148924,234370.85238943185,340481.3635399901,207213.48428899495,503506.92618356977,420989.42722461425,248003.25763067437,660931.1624295259,549410.7194411122,215701.7331807852,396275.8714048288,226892.5914303903,315114.7723539186,219295.79780201396,660399.8196586797,302610.1850661761,936879.3149257821,672476.8096576863,373838.9179411649,195419.1493738447,743474.0701631794,316660.33935844863,592533.112722351,403311.11654326034,268816.7448842769,462194.58003705303,305750.800956614,1044180.9724262056,659585.843404359,833161.5127489201,1364391.279162086,1057209.815486907,179856.61013551557,693917.541094225,422311.78826056066,635303.2121074398,833380.162659774,369453.5497107655,236306.6164010558,670095.7234422308,565853.3809343015,562921.9817480837,1356795.50673336,461209.5211650881,192222.1517828466,608400.2099740807,626232.8610138888,370097.8348560909,266870.1074220269,176863.14482767848,1072038.8088641006,277569.23134740844,704272.6803142435,316421.378661894,1634960.1524053693,453502.0283336337,188944.21029884103,346899.4952881006,331468.29925999354,474342.3366926626,353885.60924449307,456411.4772645394,241595.2232526473,376703.4206417736,419273.57376978453,743567.1975374896,128311.88569712135,949334.9946191743,521175.36382075713,577238.9064746461,458287.05053457,288392.1848619545,312086.5073898389,309251.7265744909,368776.49675258115,849332.2849369883,573744.6871002114,635193.528851522,767033.4596409922,283456.99347068777,114047.06626109904,830240.0651910526,304401.10137422057,453302.00347532396,344996.4289271661,900419.124802715,171198.73527434855,191543.998914854,229535.17181345,420833.3886594677,753720.3485055345,225243.41822566232,517710.7048630152,464842.18064818333,467839.8401078958,304817.0910031077,303407.51077349106,425503.5310938284,814533.4044987189,290549.70745318115,2981087.306991843,541227.3414623548,363707.2158942532,506597.7793127865,457820.7435727734,807602.2641170352,650707.1329580847,298604.87457171903,373104.93608956476,668715.832919425,556390.4525877329,484083.78701260476,557877.8668930077,331323.5583034297,1264481.0436203505,157727.9658000689,1099443.3001578378,697910.3073894343,403063.5689907272,371658.29432378436,617379.3226735416,379188.56631406833,398630.4159020261,427019.0320772678,165922.21606314232,583898.2890027574,457042.6797321033,547339.7344192211,168502.86895569405,280473.7059765988,144985.78875511317,1023404.8366161507,133983.24574219476,566466.5987697146,349409.57104812446,286818.702719669,303237.6594801501,1254125.9639566697,2772721.2106870175,196912.60094834105,379379.2543794868,103189.91758681792,102313.74980364287,328114.284405916,444555.5921578569,828978.26327154,880862.0703450469,359910.74959899887,251236.54906340543,702946.5115729211,121476.11901486605,678804.4054581741,453205.5495759137,352261.04945675074,477582.3449626131,156919.06223238097,322751.82481871214,1414281.104326274,442096.0633148357,580770.5461761111,1109967.2180174976,182418.21051753697,311950.496448408,550114.3764312256,364863.79263267474,333826.4761420623,532065.7503081404,509439.8174475949,383163.2845780466,577222.4753634721,520524.4527582788,577639.9189460943,719976.6759137264,447928.99529643083,206697.78996472654,546758.0456776198,155421.869840164,246802.4640641293,596416.4618680722,287416.0441150331,130700.89138157337,392934.1391167427,322627.6623311669,625565.067430903,512023.57834850595,1209150.744961833,302480.3266800174,257086.40021579314,421671.5537707055,553778.316168266,588550.2029898152,296304.126072602,1105792.0717151735,828451.1536742452,409332.4561877283,743972.7232761814,495730.10934577597,407493.4333158013,588611.84886947,298815.4183037136,669140.2621210748,602967.0406141557,435817.8719427429,497165.05700298445,1202953.7733248507,664327.7759110017,504849.3155102736,277827.67547495593,143471.2622004185,335952.25572673144,324580.9395765788,157627.92669269082,322676.3427929551,235190.29595568602,357409.7282849063,714049.8525144776,724139.8138741114,639165.8966770654,306629.3508762008,316358.260059788,451434.2537928942,326242.6501760488,189398.34940475636,283247.3357504974,292919.10507494264,525961.3552925442,175233.729968044,121746.69631204278,537091.0888233788,295923.1222933469,284364.98546613776,772688.5149386332,484873.7204696589,340162.8354855634,320983.5298823206,1604967.5921773892,1171352.2027004259,218225.6134906161,73756.14429584946,210496.18531614632,101828.54398000608,536209.3897795758,544021.3298987158,151565.43921282538,733868.7816780446,269903.28306329297,289619.49144549516,609275.1549196698,1379272.0541799834,250848.86956171217,306901.6112251579,758779.4926697348,557311.1595267821,285966.0959009258,207869.07334870758,397656.8602099941,305078.0571847056,490168.0029010788,1468385.9165529988,421522.0201883721,310585.90648643277,360815.5735732287,294350.2792580315,840740.9819966774,315911.48384104366,227989.35323502455,1195084.2660562457,362228.8016686954,351347.0675768212,589729.6804685066,820027.407945559,424331.3389340917,884207.8078676796,1501443.1306567085,1133038.6071579554,296495.2836852595,295200.712745629,177912.44938689284,323045.64633451647,234024.7539576571,302615.2816740809,586953.6561321476,365285.0851966915,159173.7776585469,329810.79438297637,768410.4343958623,1654879.6412407756,434929.8624369854,227236.04193967348,671906.5316213027
752933,290162.49788637034,968238.656410246,510096.76982206764,671741.8950383533,255512.90685830868,215133.70948740555,1214899.252676794,646335.5130611496,1165963.8182863381,171976.03035799888,102214.27924716001,364580.1272580877,832105.0125398599,482512.191720854,223868.86048749555,665334.6134075786,2844480.57111608,697740.7768223908,269392.63912646385,561755.5059492616,799248.5098777482,258721.12903383185,373961.4082427216,636943.5594042445,191021.2062902159,434190.85114879935,333253.20604362467,1879087.007645642,461125.96712523216,402121.6778143328,410986.5936639765,149836.9242622352,422432.5388546347,417236.3210570531,362355.9224183162,196340.73397584973,305266.9245734458,101560.15962821733,896566.4795010731,746910.3624291758,863620.846580627,389090.3022270591,763330.982321681,862649.2604481963,384910.2883398385,165200.51282848846,678023.6448562447,298257.36643340514,155756.4661198127,1316376.6960425002,419337.46596743417,1317976.5218855594,585708.068417074,388787.7883377604,376416.06561384193,875581.2609449723,284213.37684082164,669546.798934142,1192362.1231554034,1447266.4727006515,671597.9850263114,865933.5645417213,528839.1068941914,1326481.644456733,491811.7029884092,443589.77109101304,567735.205158006,456701.84246346756,327888.06856456865,464768.2240493481,245987.58475504362,297657.6949376414,1129666.331820786,513444.4489401702,2230630.0796958376,181601.2250864512,202574.63247938143,567191.6742089624,1335855.600268747,863651.8960315523,313863.1861490986,1273203.0281510458,459644.88393673167,278557.9700079792,538891.1197283877,951251.657471086,220511.83001736758,1705303.0951387824,294203.90307352575,204875.3062367406,202567.2300585422,211062.05702532272,388821.1727584906,138182.48500419635,106589.3830620576,410629.3193606875,443392.6250429422,1299067.7230186465,849287.6801554597,347188.08509641077,711388.3930765128,527008.680957126,439193.8596048891,411465.91095319786,602814.9932169799,537735.3887232281,471807.0702693503,269437.329010365,1018334.5071307141,168833.43877274808,544626.4699338891,267962.8478170246,459813.86527596746,297520.97847934015,196152.56915310377,344359.30436051864,398749.6151311304,770314.3988238145,340186.7099956204,234801.00274432922,539643.3783061126,420895.4094614996,113063.36602765296,297609.82402064366,532224.6846871272,708965.2332774393,253408.2993933613,554836.0749006663,264057.95850119443,500497.05116442987,359265.9262132808,278924.9555148144,783667.275140044,522587.1746336003,290362.5924261761,376995.30220213055,209992.1063340037,656502.2300367589,207740.2237985377,494301.8812108954,316399.4977947048,191004.4715758155,528240.0814922035,427267.9513314093,284599.63566146296,437182.4065855063,330192.7943766838,504952.7829852125,125752.59566623405,284164.2515128865,421966.58814152074,1077134.794043267,395164.6213797477,367765.88008986163,273959.384372943,342268.8344121082,202172.49376337958,811047.316069462,356785.4671462839,1284221.2699866563,225025.84431151405,750448.6228466788,712243.1631527065,396088.52281281754,142410.65255544262,224268.03801467112,421785.9828826591,299079.7988654195,581922.0521959194,243361.61080171235,977450.2545171424,244473.27414633305,503667.2942754678,342954.57729703444,671009.0398830349,92984.00740662786,397761.55437393376,83145.07118131896,915923.7876820697,1124004.633271141,740667.2030760649,970098.6322623135,587417.021788059,195561.03698135325,588058.8919530158,483897.71804560325,340597.55856404046,325680.0546835327,464631.0964595527,408868.22819216695,832478.7578593567,644946.2465429165,224422.52148914448,165035.8472721629,158267.191709923,478138.9505314682,289671.23278888623,238318.48505915492,609260.1962203858,1407372.0074472583,1562615.9953442793,620352.7507411423,231357.39818520498,183099.8104523156,486322.0372423224,187820.5781030447,314558.0313276015,399115.3689129143,1694400.2220286627,911210.3610291719,247941.27173767576,555039.4941960918,443847.2062492492,220956.2550342526,215035.66799527517,324118.9189385021,665297.6292719827,260627.04181266556,135108.75048644387,530297.222120116,310295.11247864936,294345.87109864305,945857.476412667,524055.2209461062,200101.08421469468,501718.1308145827,190124.8207874652,201660.39205186066,498700.2575647205,321043.91135760944,209901.06081251035,218991.46357204329,475508.28226708376,705216.2039025935,484903.687780964,347265.681813952,840384.6063935795,386481.34097874543,393473.80563215393,1229431.2111105083,1033738.9642288237,177727.57850591227,406438.35892764054,96426.80737745296,119719.008690889,1914113.6820104916,463866.1423984818,900336.4514828019,261494.63190146466,407664.44628114544,273418.10979044356,315755.1355835075,295916.10844508786,3107841.1239157966,310838.1723972084,560320.3230214709,509957.2774904694,285878.6195622455,219801.43355187535,175715.227724782,1319749.1977847808,845037.5187715564,291725.9546443948,1092935.6483036154,458933.9146588627,371941.65702396975,126000.48925387846,279853.65581625485,1205955.8100261036,1432445.7041757526,214510.78785754985,1756135.158167521,680443.260993188,563500.2421510202,469279.6138402324,481686.57770741143,904539.3518122161,327926.6514482308,359563.4731716324,336147.91506318445,357166.1163046675,379770.68018326384,1388339.5834985462,800707.9483148383,731883.6372536643,607216.1274116249,182594.25436557634,487798.5646421698,518320.36554848566,473445.8798136034,362849.70779828035,1489392.8897450822,808690.4568781389,291991.06803081324,482837.0387857193,310241.9010494233,689454.7790214871,105005.20071738829,311839.4143107794,747503.4668261054,250509.70430851608,259235.52833987476,233369.21645002847,1215360.5703152176,350338.01576519565,740796.363000487,239094.28823316324,1424345.7323519553,273212.70948797854,540415.7925467188,261934.5719244713,158787.19307816526,624091.3515730175,889220.4159864456,802576.3718992913,292891.1811026496,808284.9816992405,331336.94737491675,263374.538934704,557767.7525543389,349703.73169789807,956405.8968292917,959469.5606065214,348719.5513871928,209143.45878125404,785955.1000276313,776571.8862456122,1484480.855517495,207238.95270508123,173129.8958230911,297922.0613521804,708551.1631677558,498413.38949663006,918366.9157259888,155646.70171112326,367722.21712961566,350428.7975733998,191245.0673911409,1851406.6704613604,248345.59638928648,280324.053896827,240447.19018022835,388956.54464623146,955814.2644692909,293088.1472045801,356950.85838673543,1656396.1129578343,419961.6763344961,1181073.356327982,248448.0894836528,331039.1326958379,1051833.0701198778,463463.9148698076,674169.1891105049,1004811.7231889126,73020.23643191141,262796.42848317715,271758.50292641955,244558.9493564738,563878.4989395804,851492.7914683038,621602.2897418847,80183.80659101307,292849.7704164703,185946.76086618463,1461111.3319266287,420701.78837211017,277421.8095937062,1057952.6855579715,514689.0763910497,266343.80315019115,2065240.0772336351,698543.1038760061,95491.59860219237,268616.5477842562,2311172.4632046055,333621.08448352036,204934.16656037638,618774.3273295334,452706.4694240028,88503.32618521494,328580.0403384734,389090.91636841657,314396.94280430686,787013.048058411,2169241.5487895547,157896.81240192353,435351.9402665966,407811.07163940044,1473917.841250129,471373.9150357247,708155.5401404806,1676342.1707806,288540.476343584,738069.3357608373,558157.2420053753,168990.11072183342,335352.63525888574,408462.6318776684,745760.6860382209,1542954.742892856,349842.596707603,1727762.8855871162,573948.9781976821,164404.34801278787,716433.3670965623,1208654.1240123757,433216.738571661,665235.2476014879,185560.77894289047,256539.8145456651,290496.6870993137,856362.1445652931,982740.6018879227,958013.4006469739,311186.11423712294,305023.02196493116,711308.81195836,296992.98035610863,271298.5219478586,798979.1034217756,583445.778825955,492851.7375593755,647615.25148618815,287417.38364008325,448981.1905103024,992335.2133300089,535712.1963929534,1663473.8418497336,2026109.338898098,213261.89255943403,1094305.6084263958,399711.17764607334,572678.7442979206,604161.3675654667,374592.23922488693,714625.7699918712,1069507.2960582061,785808.283859367,673964.6453110916,236811.34881609248,317610.2499468319,191426.4848034312,104752.64728759602,1515598.9284451331,375549.46508775704,181339.77163512714,378068.76716267114,151460.34902991008,144002.4107124824,741575.4327370338,457417.0780039277,401800.7533728066,312378.6680538353,725424.15524504,505384.5494557699,237040.69773821638,549975.5177047999,177749.238267218,192995.17588827954,173500.41568335588,816759.492483546,1366490.938002496,250336.98831488384,288690.99259213556,602903.5704789711,694147.14608435,174497.472053488,603123.0279212386,532558.6286805656,134375.45655313454,655703.5813307175,597037.5182969262,1367629.7286625253,303897.6330511954,619881.7934975445,378724.9611628329,519435.10269649385,397884.6519300345,105212.36605668915,568198.3940872529,989602.4439585276,328510.8724636593,160276.08833546613,251681.33581537247,562900.3365178896,209460.1562643759,479854.3368496087,860892.5636506211,295394.21460264624,991367.8388260197,563038.7470996246,260429.99163181963,303578.2970440922,1859182.3288480544,427038.7964139625,139871.33026994704,491794.4674713903,341496.026725576,603691.5958866116,835884.9354246646,481249.9711034765,351316.43074322253,925032.8698325744,675781.0295295257,278713.99202879635,462872.322720758,290415.5872573649,733219.4436550658,672709.0015270866,531182.6398831118,388743.8538890572,836618.556111324,309852.3686481205,417147.6538202249,446007.4880150384,206617.87125592356,149458.68926650324,356033.47375383927,460647.08787588513,234474.1331529838,466325.45666726923,521058.91385235405,275980.84986353666,305224.6185701858,814079.0448809979,535940.6078771561,417859.765937946,553941.3916630895,650320.4032696661,222894.90758588412,266368.1672203849,115812.01400472474,874122.0621806369,514324.0742042202,434488.0679224809,231703.27567293335,494896.9725943206,474243.70368526265,698778.8986491539,333989.1706325884,638668.6563817848,260880.94156531413,1069665.0883775966,240890.42746226396,156382.90380113636,530472.517472108,605834.2955320246,1127882.9512031279,989489.8934225705,482302.79389146995,288757.0346020006,456246.15479211404,456443.0376504279,836109.0019344504,257695.7007587965,410402.60215354356,495422.0948337948,247056.72427562892,246246.38012020133,297311.78544696455,323212.8380194728,234440.2246171433,694531.6949420974,351752.31645475613,513366.1954995714,412882.2704767722,495255.61921125255,421639.3643357746,936719.2366192081,285287.40594919946,297560.6364294084,420861.22560174135,272220.16089941387,964801.0173500327,752580.5880664006,982725.3171941086,421303.58346066286,230067.38194341472,400294.64982348564,189392.89199484847,422100.366106517,1286187.0405794955,3921806.693242427,970193.7146374455,379349.04447824805,182207.4532513681,444892.3081957476,588667.9594607217,328039.7665106076,490310.82177611755,120273.38954804683,315739.93047557824,304523.2175495275,590053.5271411742,1099507.6794264643,261709.0860552193,612518.6440392493,210241.96301601248,323771.0534905898,241339.88094548235,408147.927447412,421188.7361331209,384312.9059694469,445738.12730745174,1115751.7681677472,434820.86758665467,771472.2374784257,1415639.0534946173,351393.5656810816,474844.3656935827,99849.3272614452,997450.7629026719,273349.62876606087,604385.2524813436,193479.2638575175,646717.8316915312,1118295.667986604,397703.17061923956,355808.4668835747,334173.86082549166,313483.74687887577,552367.4195350091,329261.1952151771,905617.9378687422,136349.0284531202,409050.747461244,115226.84660819182,474893.2792564928,267198.5116176786,591537.3040117291,108216.27215598249,1102626.9362865828,228872.96147436445,798589.9057105938,211176.41840693806,418179.9271352113,382770.8195149975,378002.5393621073,959586.7654675542,1695333.4880416275,446262.69189040543,496938.942374493,1438825.469599439,1704869.623913023,929757.1771692127,266906.00605122413,171341.4233103585,490445.447379157,160342.2928331966,353443.83200837113,394372.7147548539,457780.9037062907,1073278.0111410941,450659.1698935278,200130.73703812592,495592.8308930383,947873.3105458801,453926.1602252619,265187.1564700017,616018.8203408875,173440.33301874035,503440.32831069006,1010588.4558209111,766304.4867007132,616431.3111133429,542304.7378926607,212026.39045133488,522516.34992290265,628610.4415539464,1769383.5577440995,713036.2518241237,173857.6908060772,283524.79460875934,295425.369468743,870998.0684043767,1275209.651777568,291910.5662891735,850835.5796707482,287021.0872186703,67553.64831103211,499093.92106402497,501007.6649997958,166799.31396951358,287763.5912782756,565779.0969230055,376399.43565049086,516840.5828346345,187044.483463545,212073.14443468483,461371.661244094,371016.307071786,439715.3275707712,481433.96796762245,411318.7878759164,1165507.135205579,239736.69527994495,220644.76340776597,351234.8972981432,331233.6884995165,584543.6067130044,622503.6145358138,977936.7239907768,312560.321293902,141517.38436323343,259096.04245731325,269258.23559083656,287288.2701899107,1042904.9711624909,377824.72073176154,211508.38345808364,457299.0345074817,418902.17768344545,318688.7757437695,458142.557747595,396548.92926781514,1173789.0669058375,144561.08778712893,1152275.9731178836,375148.48326641496,286603.5693571154,236435.017014146,800299.51706208,609041.2359749908,153422.3300960812,304550.5130117486,444135.8690556509,340037.4694675507,386043.9787733668,259916.63822663281,363927.08907224354,152372.77936164584,574682.5455723976,1716311.2817119437,536465.4201469034,688233.3448071837,594610.758563943,486949.72123773926,1159168.502170023,325731.03065184597,547407.153193962,297819.1202889627,607626.639028169,1671451.0887392305,621978.7981476153,634572.6806912352,408697.1373922338,546503.3719114731,1335361.9872359796,732284.2302270419,251928.70350475755,826495.9459253583,2628811.76806993,231558.7961563556,184808.74828189888,1243406.150741487,230943.3058936978,310136.91624949797,134743.5041234252,1170230.6336947056,198101.50775811425,116678.59918955399,181447.93725198644,254938.72878067396,144705.12774220368,192812.78053421032,301480.75518885214,474891.09035230335,155258.3134021717,197496.39641059615,175779.31299827393,706143.2240033261,207797.1819344383,453768.14710777777,443339.1080708438,229518.83008494045,619066.5174029187,139382.85505897555,366453.4433422419,782060.4968363573,344121.4694793541,177239.4662947067,405326.1316897825,762897.1553850711,478788.37993285124,702430.4517879488,815828.3500321563,211795.93106043796,299185.27933195356,375204.9563497203,58342.72052730986,294137.48081410804,265362.06632397784,175940.7671877522,362181.1329621033,405148.16410844045,447097.98166738806,709927.5310602328,523728.8410810916,1257374.4118802377,263080.62093591207,292015.23705816834,234732.31644998924,378031.79317008797,225592.1138413397,610247.580509961,330471.6407261264,666154.2752987542,371275.28150294046,438247.93301930366,595361.4934104235,459232.1890443297,2041793.9721776654,475167.35807909834,516659.93848540675,320743.7560484359,251565.79071059608,918672.7231082886,688058.5723322182,220982.47686100824,512281.9159899736,858834.250817722,117376.66301642658,714111.0050806052,259938.92501395475,396171.17186180444,424011.8142264974,195037.88742571688,554778.3684944817,356454.05137991323,689271.5911666844,368124.1241124795,1194622.1391422295,648821.8303788262,230225.62164137533,733559.5704346158,929068.2010638923,256477.71090754657,250798.9672961278,647841.8474289718,250140.39298826308,426173.8058639607,332188.1533624533,685888.657377829,653509.6464681138,327162.3931165024,586831.07576482,285481.1795127607,587259.2655304932,293198.15423384134,158466.29499858932,2518520.2368529784,452448.571618537,2595196.6789314,623529.0456598039,517698.74661966466,231363.97179686456,161646.25294616903,762960.9054852882,223689.20433685274,317844.82848495856,1173239.1062961635,620419.6867663941,656066.0020793513,653257.0291244637,672944.2545130204,518798.9601401069,947852.190852499,1658670.8781901007,224289.275387143,227752.1103390276,375570.1707173203,408310.745161858,162950.39722155058,1148460.7628597864,1001507.2580177971,421081.87754225347,245420.58266902575,597743.0121818974,75348.26085068326,305262.2693516162,467173.7662289999,862831.572596095,87381.63657670926,783925.905215499,662977.7732643186,324071.83057599905,792760.7855625699,463929.3675649139,736871.8825663605,457725.09392664616,1152351.0871595137,462687.2313650225,605311.2765063508,1049966.9682875548,220121.9952593735,170604.89986450924,281172.71554301045,598421.829111177,315275.0769260452,366520.0539387761,478074.7513535738,285175.5338298853,555617.7534651003,288410.0850182671,664190.5346058825,106845.87026183566,321555.80827543145,145678.535027351,305940.46178299567,258640.61131486713,1117059.6020879345,893487.706728194,219825.4336188053,479652.9730205223,219935.394071838,302848.87908027455,554164.69471558,159526.55057233365,818975.4217031987,529362.6882035269,201613.2236389918,199607.56400264773,370436.7519333134,508869.3738883861,606629.8133299603,450344.12086483545,1578526.9573676419,822273.4904403986,768907.2130139552,170491.46262536763,545246.8802161897,409776.90074905613,1242261.3364366002,1515811.9083998594,469617.0973334382,1687517.5378471545,141849.21505271364,1259857.079840963,293773.49239189643,815239.7673055964,149580.5265250931,175534.46012623163,567023.390239134,216198.65562451768,880680.5411877246,1478979.5318350026,494006.6948351977,386207.3766037025,445926.94269579207,292667.60313821613,605431.1741559588,760266.8484439711,208185.33809257793,321936.7345943241,835159.2112672017,685568.1325464152,392722.4018577856,199207.1994664716,257403.47260194033,551472.2416579904,310397.379485903,352897.0738649034,412266.108647902,365657.53072772134,431957.1485327905,1080848.641131055,148090.54344361927,477724.1601034295,489960.8003704633,236497.92145949908,350888.3924787911,446441.02623278217,172893.9530970053,537915.2247001737,107990.58420812023,274142.8183678311,286274.22709401534,211477.18067857425,360438.5920181456,195821.83904967585,549305.1108349622,1165748.854638503,231473.51483260174,522440.1522564572,796204.6337344958,601852.0297955982,887313.2473670192,346266.0035704819,573515.7534508184,334088.4487118493,693305.996662518,437686.48054896237,576021.9972010809,120701.05400993786,175709.9780074437,453317.3049140268,324690.99177449365,596841.0699416025,518231.529916383
229133,519337.8126602286,409439.6109271428,259340.40696599326,1219593.6941095556,690043.5493385384,431024.92558489536,1092642.8758960592,137380.18205425405,382544.7667385913,1095143.9742220056,600860.6735289709,364462.2675134839,606377.0265215791,206077.30352343805,323042.2619832156,420512.3110245608,476528.80901702755,1424273.6140522987,343459.66282395384,293001.8234631491,327515.6107307177,671198.4677300539,531034.2172418576,646072.3436035977,556555.0065984081,409912.46184479736,626753.359105605,677233.4963264109,657324.8051211652,283919.9345060474,267844.6329015245,492621.0591799091,1136682.0634631747,833427.3337416868,467623.24791579845,199497.88117499236,405875.8029129979,349230.3357889696,240561.2751467045,502918.9284144056,1227594.932201363,437904.4713604494,620232.4316288376,1195900.7578962962,615395.3995619932,38230.15052740957,234989.16150426288,305656.6330909631,545624.2517925918,386667.4814988225,812975.9033090278,284688.8262099572,319663.0453295833,278874.93261509924,442597.9856331995,348160.7482772396,611671.1195468894,572937.8983289904,935489.1243039386,785890.182428198,652003.8644922173,410985.24769191555,634448.8859740819,490420.5051314169,585678.0793992713,699893.5484016887,1528730.8927576854,279956.7959028478,356261.7990312413,677122.7842694138,389774.3428351648,312952.5151649445,1325501.695619304,325130.6368741662,255481.9472518962,303003.47756442754,1066494.1702327696,502229.61762503703,348357.342159946,359594.52264274954,346430.345399872,712167.0769607122,398030.18797293224,401317.86377190996,603014.840344888,396742.45915893704,644022.9363714223,233736.27628039898,740946.0472834398,126994.15429137633,531390.4142391158,465646.7423779658,280261.9073103711,346245.14415417425,402411.4244683889,1110746.2964026746,415028.7213981563,1153023.8907387326,840309.942219679,319185.71950376267,685553.9776819701,182646.23381714913,728879.0175171933,655819.0504394685,657551.1060185244,777461.7761961799,1720001.159295468,456013.5153879676,275794.1721001943,721172.2071377044,748170.7174669416,615743.6694996934,1265451.3738320686,247697.64944591117,311584.279496064,173075.70764612974,137783.68174106296,775329.9150372518,552230.7420919616,822331.8986418811,675611.5804944575,408007.4182189451,975151.8958079995,883001.7554286041,499636.60130260006,83128.48007024151,199041.8326088574,466209.2205801139,357649.55192360934,649146.8741064359,124159.22085795287,457670.26428977825,653171.9465568665,306191.2933113539,312042.0650899719,479878.0696572062,194986.09343952188,325559.6023794321,1178645.446457447,465292.85526962933,847049.3736330845,215909.4380575722,1112639.1993603867,322358.42131918896,384498.2078536985,301752.5401474679,179247.2215567103,323110.44330023177,431643.4228379274,188220.11382718527,502648.28221444396,1253362.960284196,886701.5861708387,235919.88994456065,348887.08607467,474120.692636507,665359.1254170735,239183.447805758,479590.39770888886,1137199.3046091155,401443.6815434633,231611.3115146257,378773.74837647576,384822.3610777798,429486.1098619679,189590.3070957978,1656914.5304539641,353354.56901781523,550542.6633054761,191117.43604157466,172309.03225194121,392347.79524417885,210610.53113981834,953684.439728587,305571.33162928856,266715.83627634344,1045601.3253815514,253341.15056153067,104668.99717529601,347420.3459758021,496979.9436358863,551264.2895548441,333074.8786110137,750735.3537682438,367579.74610614,787974.5225983398,430068.27836080705,513044.6870105871,111307.25324537873,545329.6293189642,1159537.3865444046,244656.0629664693,452608.7436510612,744986.5233015137,473551.81499778817,312903.67979076534,707572.5533968578,596002.5788461352,246273.0079435371,265053.0308815902,1604067.840506967,337647.9539531821,224880.07334240942,212944.54969042895,598638.617237533,111526.56788237237,289117.3562057402,923955.9372396462,1152138.6231333495,223520.98313716747,996842.5998447535,231369.86353733882,476904.25374740595,241588.56235228828,331447.5058183663,413254.73640723014,122370.51199339113,401306.55846431555,127229.86644116318,736125.43051722,240644.96786227397,1286263.6837449877,701955.8021538181,410137.39250608976,201522.07853845114,777813.0477423007,942328.2770793106,1226376.4056683152,456845.8081655268,237128.487920142,1967845.6395963992,341758.98414455535,451055.06184609584,384904.44923409034,545599.1388454841,371672.5398234513,561770.9605084001,498571.2544975076,314942.9599830639,118534.07487052781,1714120.177244528,400533.76161362237,112675.78157981359,583010.9834125929,365248.3312462949,805089.7358368302,272909.8537342417,289811.67610074545,1066590.5638187453,475884.4075326484,221395.41176186537,1430883.7547887014,584042.9202736364,352438.95715115534,197898.1899437529,156805.22266814776,458266.6772904144,279788.7162694265,275313.6218364875,234598.29552611298,392540.85184841766,590838.0780006668,242696.70321293196,905946.1465484505,390483.57284483284,1101016.2027752534,636379.8887900849,441563.184682339,179031.80667007185,413972.54433258215,973378.7408094727,966119.2534188504,199305.4503976074,1527937.630446461,717377.5526621328,857150.5477620732,263017.32706282404,492617.34818543546,379876.6030135642,187584.57234909743,309081.69406775455,580398.680577032,1253982.9425826906,325697.7967718497,1608660.5602433954,479539.8980410718,329361.71498282376,425988.9740154113,1316071.3770457804,815007.1149408261,393067.34891288326,487058.23863801034,711689.9853590427,632852.0337351502,207891.425241315,643812.7944897626,419287.15660321974,893438.7243903651,403834.69164707314,324468.08387165365,273539.3208683905,881694.1850414512,426961.69571760367,223032.29365491346,483651.35764030454,272229.941552485,543360.2071814733,231809.49784824628,157287.35284711426,651031.933286767,346481.8017711899,895356.5730020177,1161930.316913651,228141.70284336255,424521.48480521224,508784.21346131666,171464.37804837438,703253.2537263939,1170068.4866788925,115156.37183359316,232332.93802370148,301888.89729953173,916063.490887767,303728.1012119688,548469.0843637468,630497.5453022737,208936.23459722928,839317.3816660754,114686.55714650569,865346.743849678,640276.8758828861,370491.3326438385,474943.07095881837,428823.7907616504,255713.0828644171,1317427.173606094,283113.36728751764,364604.08671425737,472137.35425590543,566788.0964380362,538171.5527641522,277484.43104645656,926816.0001509691,360364.78236516827,205352.6066169819,483258.71848127287,142589.41199450413,227153.8080122143,424745.83571066067,229155.4574590285,837290.9982017553,305248.1624360706,863308.7436008342,432557.9075726748,561618.7736932267,239929.99252114023,540482.2582467778,191170.13591874007,462424.9220753408,892676.7078356664,265509.42103556194,69292.77161992862,638972.5636641603,413030.3161037747,219180.11843024174,354296.2569528958,623539.3569693703,613902.7755842437,1280741.6462753408,635588.6022221076,619486.300810606,409248.6902355994,146188.46169367686,654201.0347001816,637628.9937086962,1584204.4641449426,879584.8676603407,144206.2646153599,121835.18167341586,667674.4336978343,222749.61830008007,206518.6321814951,334386.14693757,441207.13021436374,207102.97722806202,524305.2996838719,616995.770232756,670326.1832871569,521701.75859233184,462410.33219412644,2146354.8547060173,515553.0770506513,230021.07500459597,794893.305830417,520938.2698276956,496749.33236893074,375474.59649860946,544515.3859330909,1313581.9534450818,224812.22943720693,473095.8023066025,438725.7211740871,142212.83921403816,483243.95326451643,515208.26335691765,275137.3855888621,1886506.081229394,365533.4757316472,527919.1548090896,120622.46473882713,642175.8918125965,332149.16633900226,707234.9323894959,186737.3177766825,354110.49165673234,335503.11897737044,452481.66286870086,511927.9152102701,634345.9182156834,582940.2855265932,446942.2722960974,780147.9573652352,292714.0005280157,226812.81000315165,460567.95160988986,2306957.4500889676,399930.8222073696,176764.56823117557,530991.5712270637,565652.845145099,141245.11894323467,1043701.8852816414,267101.41450839327,162183.75395446637,949438.7632206703,207523.59518274726,677936.8304520616,1344416.278441558,99869.94848580615,482210.0311375395,203593.41013978585,547393.0608869551,441410.0994115395,402070.69389289833,1126617.563486803,354327.6866014016,382249.58240157715,550294.3312632166,351477.3201721705,173662.71525535348,354241.8120597973,648566.029367581,966439.5519767597,2088784.026360195,188489.9242226463,352386.65729670686,516226.1360735397,568683.2261177489,633911.3111024216,610412.2724800229,800338.6779459427,484416.6004436082,1320881.4627866417,203695.45998199817,326246.94544397254,429799.9593972099,290773.6259626935,615638.8045617037,534089.1665599559,888548.1017055337,1065764.4171146278,1316369.4976844278,884145.1812236557,363959.74036561686,733982.7917165693,212040.3601134502,541155.4423303908,1601775.3885678935,466230.58397362794,427060.66107692634,163595.1365058024,292012.91634370683,285093.65543152386,164052.94218023738,373571.36394285306,349669.81434716965,363107.88858733134,231724.16567490547,519408.07869170257,210770.5415407255,339230.93732424185,326958.59760177997,884985.5195660318,727774.694940467,190361.7826808269,633177.21599015,1058216.7237141947,790538.0047890807,477907.1541218911,1419559.5200976564,963959.5108919282,712896.7276536742,951924.6571917498,273884.7753540348,794923.9964277073,351164.8392989123,586559.8687265987,265114.6642381878,581275.4783347865,491583.9905577045,387789.8468084985,408861.3463618552,1083002.174882795,210435.48589910517,468890.45720489277,886037.7589383079,301260.8993098024,213943.39268436577,358214.2483280501,674961.1055187498,1153166.3886816502,429789.3018241398,179430.33435898944,301299.5344308991,355969.43099383754,300268.37456021365,309004.10199124267,455359.7525237436,398664.48214290553,1594819.8804701155,596675.6208297232,726871.9702561861,813704.8611116085,954675.9815339945,290448.18556776387,236572.2946880491,1410171.1235027702,1406730.0443432797,435940.57479137246,1035690.1114781518,300669.6661068828,497500.6165090621,513372.0564415214,139872.16955544212,544260.9011793074,471520.8929161873,913060.6465067962,719573.8530606665,805436.7090948576,145956.10502957128,2163363.6739127915,211324.69126019484,775154.2390536615,344909.5347729341,402373.0226166142,428149.6568834769,227625.69471312035,168290.5843337482,417693.0644025547,680788.7102700222,182019.3071362646,766004.5812339125,543320.2759185593,511679.00531761925,733798.0468433194,123886.51655985296,365315.04335114465,162249.90021488222,611296.8591418694,249750.71392497,400103.774493403,274718.62244518654,478998.65029719396,249826.65232106033,309577.27670879295,221206.27024825054,971690.1334470373,1001889.9403689477,506642.07162255404,236764.59348391037,1151916.7473638852,254007.0235707041,561810.926241481,144587.35850041243,148503.65358810982,631181.2608357884,268668.4505304576,1296332.8380121866,271412.4434269003,759267.0241071762,635385.8331660583,204887.38784977107,662906.9285580548,368891.22921898484,376887.8438431791,131387.55071559397,387860.075860145,906821.1520775585,338720.16663402086,834930.0282324636,333017.56136481866,384722.7984814047,464379.3863802272,1143741.839031158,124523.3277619486,200305.36857107817,679219.7522375644,239967.50389182108,1387557.8251956108,783712.6253303607,486280.71654436295,260074.75766891715,444730.8352147221,323806.12483970076,434623.8697748085,631473.8357247476,579301.1999372233,621815.9344875995,436118.8239949022,162404.1297574911,194293.84692897787,145246.54266750166,422420.1279997451,622891.0942981875,305146.0094636648,238973.57584922394,505946.3537510847,1118442.8035608067,326839.8672177938,582233.9964827071,1336830.5468096503,277398.61601833685,256989.10669020686,379282.9963628578,226629.85227082903,1084951.6517572869,587873.3063812051,257518.70786433475,246460.95515534258,691646.5711210326,189002.60867296087,329161.23802356684,1524916.6733545326,164753.30908175625,397417.3398965058,135309.59924566522,264411.4518402347,297619.6504438361,193892.67254206995,165638.50191310752,340320.2003412573,339803.0111842204,518916.6243622346,165542.8307952556,269887.84399036167,267991.00097242015,538103.1517327742,637053.6236041988,482867.2459759516,657783.7676290757,564800.3508500712,572972.7584918038,194295.32651492805,652382.4576921911,333657.91470195993,370026.01575473906,434501.04270324536,2484930.3105403148,418001.63722570386,214341.92570683954,316489.5691298163,533160.0678785108,438119.0963631882,183389.41732960296,560957.62349799,610011.1664884915,309453.7914368459,346449.5517798749,302982.79201546847,233100.63695866396,583411.5531604016,1288614.0257354479,904155.4804305322,805335.7707990964,324409.80830754264,174467.829457587,500958.5546618515,1079467.433037242,201721.70001209763,616847.5594730718,116405.61119721895,289973.60977474594,242902.492720584,236905.71637825662,501592.4351121762,390154.62199280306,818064.2399705203,494518.5474557998,254973.23169826326,1498496.329008497,505015.6285037034,384859.7646454387,623556.3671513612,227090.52419846228,179916.9546363518,542238.7775586928,273115.6006422652,697776.1350480828,158207.06784441668,308255.28096330847,171750.10465579954,152244.02369455592,396916.4040124433,559124.9641668696,366816.44918164733,497279.1125890778,303441.0739892712,286797.17777366005,595565.3950606497,259341.85617391914,577787.363739201,550609.8381742759,545906.7460226162,688407.307974956,1334037.9121612948,527584.3832999241,495965.2099680722,1010732.4899485708,155297.92279681723,245317.22743599289,341893.29404302326,303598.99352490506,204577.86663440167,649285.2104141049,791649.2368661015,316323.83946377935,287458.7709422193,872102.79267216,530688.9807508368,381318.1041262275,1510021.1681536275,511395.4264948812,593384.0992022334,224359.19814766463,903899.7779178041,315752.27254212054,312505.8405255666,271674.31673346343,284564.75672041904,501574.0641861976,407852.5002801429,223221.11110145267,1312973.3261197505,357854.1023506412,400890.75330467947,280812.77560096444,265627.8448618812,626376.1715221808,400457.7642915458,319000.6606565912,298300.4013515933,356224.0681623811,284908.3101720409,669458.833992487,212732.6955308515,376340.1278036192,553254.727708428,1210685.9495544892,1105777.7627668972,248066.85344655733,562870.3123207188,306118.9164656848,273117.4189483973,421486.174949791,107095.81716882247,189104.65874460991,333903.6488318513,520871.43254386797,553253.7157599668,423693.94946654176,287565.57039750705,457143.2905742707,1010841.2748248895,539730.0815094121,370138.9909817713,635893.6756325333,413589.6143478211,347040.93415041524,882268.8891852122,125262.28277135594,709786.3169974105,426000.93391674437,516165.0822641982,670626.3009095357,376726.20855699235,420254.004448916,379675.28464087326,451102.32200234855,696581.9639488937,391081.19428377476,309531.5404035699,534965.7832578716,649714.471394713,653576.3096343186,513492.3359640196,413183.5154065961,111962.15662608267,939408.3965494458,207024.15927025393,149240.70042101797,709965.0437260031,335332.6089055827,596443.3985476854,218445.9797046436,593358.7701635774,288468.28025032557,265659.42403612606,316063.33146803133,207024.71544053484,514392.03705770726,633445.6208443937,449203.3950014767,517074.26943958,2580096.695502095,385718.88318886975,275063.47470352455,173777.45874227173,126436.44554999715,1433127.3121742727,379003.92969577503,684560.16031786,524966.261519214,564406.9711997263,325768.7356700319,760835.9155536434,437448.9734032622,104581.26751885598,586127.8504790955,229715.32483095152,406783.0698826673,664652.1815443982,707686.3313164581,301297.2532316998,547800.1315703089,191089.76151630213,338427.76614431397,491557.9641401331,234490.05123681488,154805.52805056167,203972.23634909056,226210.0042757126,363110.40238422534,394312.39915313397,1136377.236129361,453917.11591216805,239724.55397307748,849691.1710387873,258957.16091402105,333830.575201061,160384.68150544577,604477.3629553163,271994.6506240785,2089301.1235998932,462943.5598844476,410847.09222460666,764926.9137444161,313423.63814142195,281505.1212192758,550729.1450883598,147603.88000377076,321880.886033924,244353.88103347036,808698.5637974171,174324.67989787346,376092.3652715467,506518.742181791,455990.74752859265,511148.6503440608,373726.96458742116,504485.7828985001,373472.55528431264,722547.2475942462,490737.26330039895,213192.26311679592,122257.44604474003,133144.9030062174,714266.8000719432,328388.0127038158,735039.7465242785,284537.89109006297,250057.03991505087,1231432.8450703425,655251.1424894474,75142.23684687108,245214.51947547725,512229.38557789143,434475.0121942451,623050.8806859156,206823.39990656837,673411.0793042018,675941.0901241008,690780.9459851375,1052159.33070365,464453.4802078448,509422.9195469549,270878.42830021254,274184.89278396254,520766.2415433634,396323.98904605623,439021.1041759321,464678.76544390933,324102.92843382247,126613.17087638457,763065.4555104871,300148.4192691658,842970.3348705134,1265804.162532776,149538.14825565228,759845.9549317111,329331.4528921239,557203.285221651,248167.1700831202,242554.03007352285,243735.2338649205,556852.4280347558,1322114.770743948,487014.92219532456,448971.37345139374,626797.9453363516,389300.7432220256,166540.79607545823,1169062.0893120372,333040.4690873698,340111.74195464473,696521.4990144601,403934.14955677296,425701.2167091379,187089.93452705798,793773.7407238912,234793.84443098522,304193.8059303503,664793.8282239179,934647.8695162286,114054.42310861843,381302.4056477204,491474.6862260275,503129.7082942248,707423.5611423915,135652.21800143266,340874.6005252768,438539.01629315875,536738.841271778,397887.16338634095,284467.68307117786,324589.0800574555,488033.7115511459,1140030.0160603002,109467.85054508851,277666.82672606723,297331.6307126149,1227653.7221641063,335634.0685011721,180268.34106951306,490827.4183568458,325641.90519372904,325446.91563090804,242233.18715041917,434774.8242208114,154812.1261347094,334672.8032208951,197010.35770034557,166434.81974734538,230487.38308273893,435184.6406691099,413308.50429739093,690763.5743771914,1218955.5897878343,891285.191317466,298178.13438122533,384945.0472522173,821241.4401130264,821005.1144257504,666095.0727339076,138047.99688967393,79613.53771216163,1141161.921329756,983764.0757785505,632158.5782555315,254936.79040204885,206605.344582163,626531.2192032984,487870.04183019185,1090651.5294373247,411820.0864844988,556918.008198206,1295139.6257410212,958032.8818642433,505742.95904315,606012.8847959487,824583.9386635505
412309,478120.38628097763,672026.443888512,2547544.47101323,653743.7542820683,203012.1259775676,574234.8648388541,190583.93989187892,295334.1184899761,190437.2156042925,309204.0698784615,210050.40319901585,305893.07993478345,101130.20796915457,394960.03774586023,478954.0669110663,319306.4802765132,526407.1794147178,314940.91589044756,315187.80289823504,260294.86827769704,386513.54595640977,1385420.873000825,500635.7319191147,356344.02555591817,289183.7506528482,274823.7388403571,175591.05808422808,294550.5687071478,2058313.0557377706,353866.3858960114,404793.22437535686,749367.7311065698,281843.41081349493,615745.0168953065,482859.1456762703,1139649.90441619,804232.8570103509,147902.09314393767,120424.93391583273,647950.022368579,498817.96809761215,425299.52652919665,416321.4162854287,705491.1850332126,1776037.5377312116,891349.8981271118,232885.65122571724,498127.28470065433,347670.9971651892,311227.7339886421,972389.8632578654,286956.42005719605,178458.29096283112,561448.0791576197,850243.6473026639,291624.3502367807,851220.6758677983,726114.6565310576,1675315.7527541106,644242.4406458231,123578.58643241637,379335.27516217553,815584.6999488199,432973.6240798091,450928.7227607686,533943.2972733986,137161.97617628946,378555.97098128806,533361.1325706483,450020.657050626,421952.869183966,568028.4566094035,225509.53715487893,240660.82087090483,795090.1037750033,519876.46333720256,712729.4752913157,296490.7630659328,367913.7600430854,186532.07792493666,312279.86374202213,594333.0416315992,213731.12305950126,190106.18446441364,409363.4727734192,127113.75088321968,304183.485824617,404922.07577882963,1136024.0164899316,119787.38280923196,544294.763680877,1489156.3860246171,352020.89302842284,1624522.3367040693,447343.0260989139,517482.17707074067,710611.3714047447,853758.5014073071,542791.0620133192,656287.1008829278,597748.2658478889,389067.59482045384,719234.6393023864,486215.25233691704,203380.76346617614,856974.7328797847,336173.0853316833,509066.62918262975,526341.1814248549,392077.0202753048,430370.00584699214,344921.5747387709,747047.1333897171,399103.64460939536,855961.6291280116,1027619.159742115,311221.8402496204,523751.3233787508,566472.0713768605,911832.4859602047,1397922.510557202,641294.4515059016,798551.1546393074,218561.16671852538,722317.0745428608,269301.32811329834,615619.8692579608,287659.6445356161,219295.28601946894,1237533.8338495241,268638.6716411648,123014.86708134443,648970.6565700782,820863.183999629,490085.2636835952,620391.0089296408,316099.0116594138,175845.6288711727,868560.753458901,180527.36798759736,309466.470742582,504534.282892159,407532.32636823156,273159.83567204716,429830.9682350588,818361.2856806244,169842.18485553953,352079.0032338857,708770.8388165894,517787.15573558444,288348.52553016227,84762.20096185146,1265678.647588784,546926.3850413591,575322.6578943147,494681.61167021043,384489.92879798746,292020.39598331484,318628.6396830795,274442.5071027749,285218.9390594648,309011.18424966914,233084.88253291225,628406.1695445699,593988.2140938055,327172.5314649294,115387.36457217665,820736.7515982216,190231.85870090552,446699.1962577616,396031.8166016721,320990.9456014442,358872.68102097645,486930.418612854,364396.60028482095,411535.5723594866,259839.82085733977,2101893.6990910308,497332.3045299508,267298.78904843424,2386135.1525086877,243354.74301927225,503423.6173933476,727322.9927922465,563896.5306130381,384309.75490628695,310840.7760595681,334728.91320225183,552604.447022343,478976.2088559339,220370.1713529002,693813.2477351173,204051.8484730162,264766.90746190166,393809.365093245,568516.6854438211,308501.2038798483,247951.9040632112,164078.46291832768,618423.9575106696,77775.75109758247,783282.1277432685,518958.1711703345,729263.8691884122,112176.49961910916,385882.3244807571,724501.3361227665,455929.0963270891,262146.3241379245,980259.4346811243,562623.8545352453,355404.13134072063,433141.39995420247,292321.5546870918,537699.8178587465,535426.678510149,389721.9631067185,427820.5510852928,482831.33362530224,457024.53205272625,858930.235623756,619038.3670498683,468257.55704782996,188321.30470711342,274123.1162525691,359670.2028184474,161407.19785480935,607326.5286053652,333588.91704740276,547745.2707020256,771064.131201953,2075272.2270880458,377411.3457379614,855485.1329701813,341130.43876222736,245883.29738633893,297630.40643410117,667055.4646722547,232444.03002145418,381574.82368075254,270427.470969181,422256.20100747223,857024.4320495134,377560.38193662104,268371.2620820382,490576.5263846842,504633.02000329556,460136.9725827731,743030.7557259205,889595.2993281531,457997.84753831447,323493.1061214094,307641.8447632833,215448.46235271706,443597.1830512087,85138.7750152815,219541.6835006719,437662.12119883357,364700.16883746727,309270.00625500863,215820.84473698327,535074.6296423065,711617.4569593164,925941.0758615893,180958.46339943784,290599.4428221509,138423.0180840112,220633.90654401056,917180.5347915428,479932.46781027666,787626.328902466,446971.50777278637,722393.2053309042,560075.8280433147,380538.0078897174,792217.7030439554,559351.1769248669,1033073.851230527,404482.3446545553,622241.9400983206,582478.0299343121,313022.64649032697,1935132.3601564292,169216.9175811281,650584.0132048378,547030.5281248016,579523.3442377369,1020475.4121758557,287324.47283884784,1704049.8067850687,1262972.1762492366,774092.5266762786,735823.0316188053,220373.27529161205,244725.1625305844,212906.93305678992,363169.1904820771,497033.4806318956,540730.2785307796,420445.6771400391,542589.9895636549,586519.111868827,190008.06354018935,397877.2698943035,1014697.7265036757,83495.44153958026,353605.1695768352,135046.31574666285,868786.5637270361,691071.5180730866,428162.99048474146,386770.08205842547,288743.4606123267,569893.110597756,682715.5448650479,383999.9907982429,669648.9248509876,847025.9537174762,207218.39039840494,219792.14811612456,238945.00629142887,1314428.4581781803,655548.9957606292,535828.4406992462,347219.10955800046,213756.19635366712,222487.9121377375,231011.95586634648,609344.4114907975,210560.2170247559,363825.08948957495,1090743.19797271,1279215.5810375665,510173.2293274676,631216.0005446597,364175.97185000725,408272.82648820925,974649.9641770137,791148.2116066172,341713.306439711,919238.6301603562,195975.5356952111,487082.5198882398,467490.6305620267,112765.57769616453,496648.9438079593,292734.82672748994,353942.70351968904,284825.2000655107,524219.4927373209,521014.5579103482,227096.81254559188,435128.47337566747,166777.35947540635,506200.6874132612,173816.75649271937,143604.59564980504,3045456.253900906,223491.49607908953,211757.12881775995,494555.51934322953,243001.5689657209,882002.7704079637,727904.0713342081,560593.317924824,770427.2035778194,360369.52130410145,337223.8052759857,505823.4980021722,503602.1911415812,244667.01632139902,405473.6216572988,747330.8682638385,361872.9745775748,1505476.4302621954,1590944.6431523329,942610.4603175572,468476.715876405,1062980.7759140567,885971.8658191661,923052.1118676815,175904.02178637314,838836.7660742671,1236153.0475367527,362694.3825526509,628677.3877906211,1618967.4421069145,532256.3964481794,1271698.1100125073,383884.6014952203,818105.4854105595,361825.4817248572,677742.254887497,315785.4773600695,614357.4027931059,160073.8582576669,185316.70684798202,219378.98835675002,890487.1987993377,457520.9223663767,242628.17117189002,2158051.2663057246,415236.90132138267,614991.1315037692,839369.0066496959,1066342.268720896,514737.5787771957,751734.8320175865,467597.6677552975,755848.6785107311,345048.7571376981,1106953.6057286472,582257.1408970196,98615.81706649585,1154497.097886855,484420.03989451117,800182.1052324824,120221.20840186965,240980.7600682045,273902.80023123283,329986.5971129618,308838.00931743876,1220099.3293798587,165934.81931906377,1091364.7857279687,174949.01206027422,1285803.3410133081,401635.69996765436,258657.46206238237,224275.8865654077,349616.8098123816,560766.3353325776,525901.4308416146,364859.858352852,349722.13284671656,2471176.827872096,356818.2413955742,193971.54183067073,355927.7604169526,164027.125283861,1299286.9026318835,330833.42208114144,350153.25984618254,666325.1911824116,1097194.190502937,118096.46953340706,320587.81905301404,214280.3110888209,489118.6729084261,221110.98418848592,989619.9079773045,675686.2896150346,632477.8783630523,618661.4283192334,378045.25407644844,207005.67738171428,498922.71283071546,834519.7479553786,855466.1446740086,367662.87398742134,736283.2732064482,110141.84837589617,168214.8561950629,588931.5560858262,417745.5520347804,424274.38313315343,383767.04758993076,859634.6636029133,703636.7180410717,244756.3729730716,222668.3686114327,414875.36520914064,119585.79188093852,673770.2690268444,393151.1375523183,274036.31452127727,450167.3583618645,228572.73640280004,290130.7066152227,175877.29777684066,530726.005081018,228394.06377012457,227080.60058818446,469377.89667212963,276025.7096193099,242459.9113562638,1110828.565047237,849198.0008213271,884411.7697490437,323679.7208965864,548681.2150598082,220039.2709828962,1682247.5576363155,306407.1030938783,311471.1622751537,375676.60771432606,252781.52096561698,413348.00927601854,1052132.7385334885,451818.8836927046,435571.5910182426,302110.1127636374,612185.072730553,771538.2040832433,231367.54049911458,1075629.602316375,707243.3780019272,629183.8759605552,1429629.8466409477,1141058.714811549,334435.9137782846,260447.61845205148,224726.36127915676,153165.88342770748,590354.9863508121,237934.22205027626,129385.76858267392,574151.9361380497,1002153.3833817508,829692.1267925741,509686.19221936073,958544.270438229,510814.8744497909,441284.99825386837,436062.4376105537,293475.4925177244,1177706.5977802502,663269.1211842303,822962.3186061137,127949.54845254133,587258.828368953,691388.9246243717,668667.2825441353,596259.6388301367,948537.6514220373,869873.2263213125,460558.43727001647,352295.95688815165,729039.1537154809,410889.5499918724,1100802.6853855425,649157.0559305354,306188.1460941121,492381.42466605216,610614.4316218221,1515494.130830468,854475.3618385253,277744.66687097895,332849.3168980153,107466.4840376822,339077.46397098084,387194.73699187086,1198288.2832694945,391169.40165343444,458319.783025207,396057.35569978884,194284.82686524864,1501391.4939525323,1743301.911339205,297360.0226696615,380424.2939982968,1358432.3906958557,592214.5943782574,431125.15233513137,501014.80097358633,634508.7935099362,427268.56655603,380527.69552752713,232236.44906555963,1969612.5035440298,838166.0170883234,325314.8443074095,127493.03629442496,320696.8051713947,666090.8699858254,478755.6010376758,310732.90611438075,335189.61659102037,440014.7294745622,383225.68914642005,238148.4953315624,1267477.5337249367,192917.5850096109,531245.200470239,1221821.804448465,159070.25622346514,231629.8444144453,977738.0881866127,1326529.2294669496,403500.8904793252,444899.30677464633,1066884.0537373207,432536.29633127945,272359.02115118515,730914.3949249712,1014315.7328164765,411849.0379322641,1110959.5965847939,555889.9813642445,1042708.6149450354,459912.6383174922,165403.48666648957,632328.9240306595,856729.6655228635,454142.3688762941,603689.6763980507,527861.7593470461,595155.1405381358,981954.6031686306,413484.1720056632,771737.8515503492,110943.4326611893,210457.37739470458,1047021.2101487331,292181.4559522893,106969.42299763161,416511.0053093029,639160.0055753908,385742.34722344804,466860.9902179986,497841.3334007183,136262.50815297425,1734075.767632376,465057.5117424722,261098.37165738485,616191.8466752233,572170.8508832172,307943.7379969958,667105.0103043924,1084937.1758107482,609299.5869836316,378679.21783968323,417206.5647145223,856621.9745115562,432296.94637318613,525262.0967269791,616449.7461221379,499483.9269068933,111590.64633276338,637462.3242587894,397331.5169763547,761337.1428128582,381089.1659082017,388760.01051026623,232494.94599424774,496188.56612183206,514373.4906672687,443440.30042225093,410353.7854763665,251738.85945438856,131123.21884978435,202014.2506399321,554673.5270746497,299163.23823478795,1070268.9055031643,901647.7132724171,734810.4621772729,245863.24740043556,201176.4812108693,153380.95210116764,331515.2718128536,570182.1632230234,482073.6211043333,469665.6828453914,305502.5082863926,570644.1267738519,760724.6259971651,288893.7605163921,398424.17240869335,359356.09809423523,624489.6001476161,152519.05767867807,913222.1702223831,538204.6359877517,233875.68634393907,385758.91054266406,313240.6750544658,193236.86637766255,160871.84233990186,509503.94529855147,514232.3040171151,294511.37434893905,346151.65072614537,2134015.440005379,1176028.7124917256,326161.4793638958,335137.2187837904,596980.7748926535,265445.07553938066,336038.12289053196,1052186.3590679094,722130.2557240372,291984.46812552854,294321.69283831154,2193424.146186592,845717.5014090376,378868.78932305856,737081.9623843054,1253318.7657193765,107371.67881521347,178562.85522048984,126487.81070316881,371380.8368159937,335157.3358066357,357580.3372341417,253998.24098741086,2105990.5001709233,269367.6679462498,740109.2872930503,617715.953292386,336990.96180431545,544824.2097925007,1095382.4859273478,215544.1951182872,616717.6944239337,753947.8462118321,1299186.568053428,794240.971504739,1034357.4100508853,91563.34784401227,268808.3174623807,222693.41452474243,306819.9709909016,927688.9019966447,214868.80406600988,395234.1032984784,574234.4905119281,564549.1272354821,530301.9403548398,282274.363749594,314236.6633281862,258972.85203720993,452144.8098052317,411407.65040943376,491725.06330399256,1186102.651188109,315306.01423356956,849439.596032108,125556.77762371751,230529.4811527941,313342.59568955726,527441.5409686746,235239.4436972463,857044.8335440529,208755.0794327721,1422827.2156721721,493237.34030464466,611603.430121517,163742.13191615973,368016.99563529744,316064.68007563107,418927.7536583145,706213.515324975,428825.45271164237,422634.41503495467,436133.60127084877,645503.2751807161,1403434.9007277356,896828.5140694709,323838.4107414382,319806.31045584165,539299.4681517552,381840.44103252597,475034.8820563949,340018.8345451904,802196.8202138128,541444.4426454296,577924.7058730618,285913.66918363323,658655.0074682465,469662.63691376767,435549.6574953985,541385.6361461746,536359.9689041651,268031.56334304984,1184042.3867385965,216295.92347035598,376119.8102932572,435240.85247457685,779815.7970269945,1743849.6307281738,586721.5141445936,481377.3146016718,159312.11576674524,1403600.1553134853,171274.59687171064,533222.9554421111,700269.153578961,438953.4823592289,469075.624767628,762237.4603840786,395221.2945596389,468488.09710613376,543273.8878451185,231206.82049189095,822637.1726316031,478942.46208986634,1229843.9888335066,352101.3434508973,623410.1422592066,1100469.8752153139,262552.1862002731,1325601.8010207212,316333.7838017296,596895.7081481612,1366435.1136796144,735117.3227859277,528069.669327452,452336.76670980017,201667.74484480522,1490811.19641226,500245.2871539263,535035.2932679259,418665.7766544596,215524.73378820965,836006.3636111072,236452.204122732,421425.9256894078,1268664.0884678417,236444.16982760423,346891.8401580498,926978.12410919,481846.04969289893,594657.4057608085,576304.1052794383,254757.41590585318,553313.6544939325,396275.3058837014,262102.53856458314,624904.3966515489,323288.4721273496,203113.87377915357,453996.72529623314,340618.20498568745,923964.4419339183,283447.3203233165,851144.2499833847,618358.4100174461,526506.4591336811,388605.4665811728,542350.9969174225,280480.5717644449,516252.4214426029,166203.93590028398,278837.7900519566,633681.9249021198,2342234.4362795916,337682.0115753356,337713.74695820955,166895.5611592614,468171.9395683763,522423.50672086177,226488.07928479364,753566.0722866572,238071.24384398002,293760.263611408,1215890.9371959714,313624.7371840337,3479796.979236444,161828.90601034503,640395.2991934344,312939.54729047144,742746.319518297,415332.0527275319,315476.3600704894,192798.35611531563,455239.3336966469,278073.1765693141,185457.4545536365,265737.1310670794,344119.0029862129,456664.8885207941,1047589.7612183559,3938127.7042539073,200021.97868526424,268562.0348792004,945262.81906119,280205.76884919347,954803.8470774126,748977.8699862148,341612.41608526214,477802.860786021,533569.9277962551,853336.4146965925,145251.306947921,144861.2279551647,241738.8987502827,473973.86729347537,651514.4047507512,809539.8104310079,361308.43723600724,475286.0600165986,327157.6021460743,1207350.514048584,98879.69509304193,452648.7464314777,673273.746880784,947277.7462291686,381521.8796722109,350045.6273528074,185756.02010113597,169309.89588261032,1374128.5983861391,440154.30442615674,685767.5787926946,711163.9738337498,489898.56392426224,769624.3489963454,422327.5777155784,596344.3853747856,291023.23560896574,526934.4023379413,427984.3301411933,364255.3098941057,741884.3648152616,322604.0903333931,207921.0500530616,429208.58989007754,135470.12345052444,398762.7709171795,1962527.5204519455,487375.4910362483,507361.8638185689,800265.5618665399,543655.1083683121,486452.0912738121,501839.2271410565,383959.43800761166,753165.8298045237,254896.35699823682,275392.11724796356,471819.3488971424,144400.9926537396,217063.14672951118,414624.65594749205,314211.053011899,306425.49607176374,822256.7647435763,621061.8933042476,496728.526256631,893843.1923345713,223930.7474292049,212052.19752782094,552300.762023526,166993.08832714788,552602.0316768637,765713.6356444999,367087.6065078861,355715.3370305862,123448.89524511917,238456.00484623053,354637.85193066887,656817.5337224086,799035.9106784174,1989357.4215661671,376453.59822142124,430239.060036501,124369.24950962262,306451.31064000656,423871.0858246936,234392.52402137994,735994.7745034206,620862.1868180614,484472.84434835234,537949.8223162722,223716.77633954497,350207.963286747,948183.4889737235,471123.1296084073,1217689.3702076671,187679.06341392177,201735.2846847658,394192.96613087173,529619.7401231828,491886.2842382256,384982.6399747867,480792.80557190336,669506.3222564074,435931.98338619457,363021.05356951075,376968.92838908476,300710.69479208573,740925.5004058336,675290.7390965607,731631.1357075834,722210.6344511845,467989.36144469766,592416.3377965991,349362.99789797334,466044.1607330805,661160.9838276725,378173.40036268136,233259.04447335264,382532.81905388145,292626.5997072784,407944.55975605565,592147.9187568035,276568.85468973656,482486.1290627362,523402.9404586829
